 IPER  ISTEP           DLEN           ILYR    IROW   ICOL                     STA                     FBC                     CST                     IBE                     IBV                     WST                     CNH                     ABER
 1          1          0.38313807       1          1          1          -0.00000000e+00  2.07309515e-02   0.00000000e+00   0.00000000e+00   0.00000000e+00   0.00000000e+00   -2.07309515e-02  0.00000000e+00  
 1          1          0.38313807       1          1          2          -0.00000000e+00  -4.14619030e-02  0.00000000e+00   1.23568719e-02   2.91050311e-02   0.00000000e+00   0.00000000e+00   5.31710883e-18  
 1          1          0.38313807       1          1          3          -0.00000000e+00  2.07309515e-02   0.00000000e+00   0.00000000e+00   0.00000000e+00   0.00000000e+00   -2.07309515e-02  0.00000000e+00  
 1          2          0.40229497       1          1          1          -0.00000000e+00  1.13171185e-02   0.00000000e+00   0.00000000e+00   0.00000000e+00   0.00000000e+00   -1.13171185e-02  0.00000000e+00  
 1          2          0.40229497       1          1          2          -0.00000000e+00  -2.26342371e-02  0.00000000e+00   6.35830103e-03   1.62759360e-02   0.00000000e+00   0.00000000e+00   -2.79148214e-18 
 1          2          0.40229497       1          1          3          -0.00000000e+00  1.13171185e-02   0.00000000e+00   0.00000000e+00   0.00000000e+00   0.00000000e+00   -1.13171185e-02  0.00000000e+00  
 1          3          0.42240972       1          1          1          -0.00000000e+00  8.95682395e-03   0.00000000e+00   0.00000000e+00   0.00000000e+00   0.00000000e+00   -8.95682395e-03  0.00000000e+00  
 1          3          0.42240972       1          1          2          -0.00000000e+00  -1.79136479e-02  0.00000000e+00   4.97763628e-03   1.29360116e-02   0.00000000e+00   0.00000000e+00   0.00000000e+00  
 1          3          0.42240972       1          1          3          -0.00000000e+00  8.95682395e-03   0.00000000e+00   0.00000000e+00   0.00000000e+00   0.00000000e+00   -8.95682395e-03  0.00000000e+00  
 1          4          0.44353021       1          1          1          -0.00000000e+00  7.78272427e-03   0.00000000e+00   0.00000000e+00   0.00000000e+00   0.00000000e+00   -7.78272427e-03  0.00000000e+00  
 1          4          0.44353021       1          1          2          -0.00000000e+00  -1.55654485e-02  0.00000000e+00   4.31612781e-03   1.12493207e-02   0.00000000e+00   0.00000000e+00   0.00000000e+00  
 1          4          0.44353021       1          1          3          -0.00000000e+00  7.78272427e-03   0.00000000e+00   0.00000000e+00   0.00000000e+00   0.00000000e+00   -7.78272427e-03  0.00000000e+00  
 1          5          0.46570672       1          1          1          -0.00000000e+00  7.07364069e-03   0.00000000e+00   0.00000000e+00   0.00000000e+00   0.00000000e+00   -7.07364069e-03  0.00000000e+00  
 1          5          0.46570672       1          1          2          -0.00000000e+00  -1.41472814e-02  0.00000000e+00   3.92384790e-03   1.02234335e-02   0.00000000e+00   0.00000000e+00   -3.23148951e-18 
 1          5          0.46570672       1          1          3          -0.00000000e+00  7.07364069e-03   0.00000000e+00   0.00000000e+00   0.00000000e+00   0.00000000e+00   -7.07364069e-03  0.00000000e+00  
 1          6          0.48899205       1          1          1          -0.00000000e+00  6.60375468e-03   0.00000000e+00   0.00000000e+00   0.00000000e+00   0.00000000e+00   -6.60375468e-03  0.00000000e+00  
 1          6          0.48899205       1          1          2          -0.00000000e+00  -1.32075094e-02  0.00000000e+00   3.66557593e-03   9.54193343e-03   0.00000000e+00   0.00000000e+00   0.00000000e+00  
 1          6          0.48899205       1          1          3          -0.00000000e+00  6.60375468e-03   0.00000000e+00   0.00000000e+00   0.00000000e+00   0.00000000e+00   -6.60375468e-03  0.00000000e+00  
 1          7          0.51344166       1          1          1          -0.00000000e+00  6.27551025e-03   0.00000000e+00   0.00000000e+00   0.00000000e+00   0.00000000e+00   -6.27551025e-03  0.00000000e+00  
 1          7          0.51344166       1          1          2          -0.00000000e+00  -1.25510205e-02  0.00000000e+00   3.48458824e-03   9.06643225e-03   0.00000000e+00   0.00000000e+00   0.00000000e+00  
 1          7          0.51344166       1          1          3          -0.00000000e+00  6.27551025e-03   0.00000000e+00   0.00000000e+00   0.00000000e+00   0.00000000e+00   -6.27551025e-03  0.00000000e+00  
 1          8          0.53911374       1          1          1          -0.00000000e+00  6.03915768e-03   0.00000000e+00   0.00000000e+00   0.00000000e+00   0.00000000e+00   -6.03915768e-03  0.00000000e+00  
 1          8          0.53911374       1          1          2          -0.00000000e+00  -1.20783154e-02  0.00000000e+00   3.35199274e-03   8.72632261e-03   0.00000000e+00   0.00000000e+00   0.00000000e+00  
 1          8          0.53911374       1          1          3          -0.00000000e+00  6.03915768e-03   0.00000000e+00   0.00000000e+00   0.00000000e+00   0.00000000e+00   -6.03915768e-03  0.00000000e+00  
 1          9          0.56606943       1          1          1          -0.00000000e+00  5.86644965e-03   0.00000000e+00   0.00000000e+00   0.00000000e+00   0.00000000e+00   -5.86644965e-03  0.00000000e+00  
 1          9          0.56606943       1          1          2          -0.00000000e+00  -1.17328993e-02  0.00000000e+00   3.25090046e-03   8.48199883e-03   0.00000000e+00   0.00000000e+00   0.00000000e+00  
 1          9          0.56606943       1          1          3          -0.00000000e+00  5.86644965e-03   0.00000000e+00   0.00000000e+00   0.00000000e+00   0.00000000e+00   -5.86644965e-03  0.00000000e+00  
 1          10         0.59437290       1          1          1          -0.00000000e+00  5.74006029e-03   0.00000000e+00   0.00000000e+00   0.00000000e+00   0.00000000e+00   -5.74006029e-03  0.00000000e+00  
 1          10         0.59437290       1          1          2          -0.00000000e+00  -1.14801206e-02  0.00000000e+00   3.17032545e-03   8.30979514e-03   0.00000000e+00   0.00000000e+00   2.06214524e-18  
 1          10         0.59437290       1          1          3          -0.00000000e+00  5.74006029e-03   0.00000000e+00   0.00000000e+00   0.00000000e+00   0.00000000e+00   -5.74006029e-03  0.00000000e+00  
 1          11         0.62409154       1          1          1          -0.00000000e+00  5.64871631e-03   0.00000000e+00   0.00000000e+00   0.00000000e+00   0.00000000e+00   -5.64871631e-03  0.00000000e+00  
 1          11         0.62409154       1          1          2          -0.00000000e+00  -1.12974326e-02  0.00000000e+00   3.10251235e-03   8.19492027e-03   0.00000000e+00   0.00000000e+00   0.00000000e+00  
 1          11         0.62409154       1          1          3          -0.00000000e+00  5.64871631e-03   0.00000000e+00   0.00000000e+00   0.00000000e+00   0.00000000e+00   -5.64871631e-03  0.00000000e+00  
 1          12         0.65529612       1          1          1          -0.00000000e+00  5.58474088e-03   0.00000000e+00   0.00000000e+00   0.00000000e+00   0.00000000e+00   -5.58474088e-03  0.00000000e+00  
 1          12         0.65529612       1          1          2          -0.00000000e+00  -1.11694818e-02  0.00000000e+00   3.04166963e-03   8.12781213e-03   0.00000000e+00   0.00000000e+00   0.00000000e+00  
 1          12         0.65529612       1          1          3          -0.00000000e+00  5.58474088e-03   0.00000000e+00   0.00000000e+00   0.00000000e+00   0.00000000e+00   -5.58474088e-03  0.00000000e+00  
 1          13         0.68806093       1          1          1          -0.00000000e+00  5.54270031e-03   0.00000000e+00   0.00000000e+00   0.00000000e+00   0.00000000e+00   -5.54270031e-03  0.00000000e+00  
 1          13         0.68806093       1          1          2          -0.00000000e+00  -1.10854006e-02  0.00000000e+00   2.98333637e-03   8.10206426e-03   0.00000000e+00   0.00000000e+00   0.00000000e+00  
 1          13         0.68806093       1          1          3          -0.00000000e+00  5.54270031e-03   0.00000000e+00   0.00000000e+00   0.00000000e+00   0.00000000e+00   -5.54270031e-03  0.00000000e+00  
 1          14         0.72246397       1          1          1          -0.00000000e+00  5.51862907e-03   0.00000000e+00   0.00000000e+00   0.00000000e+00   0.00000000e+00   -5.51862907e-03  0.00000000e+00  
 1          14         0.72246397       1          1          2          -0.00000000e+00  -1.10372581e-02  0.00000000e+00   2.92405005e-03   8.11320809e-03   0.00000000e+00   0.00000000e+00   1.25327521e-18  
 1          14         0.72246397       1          1          3          -0.00000000e+00  5.51862907e-03   0.00000000e+00   0.00000000e+00   0.00000000e+00   0.00000000e+00   -5.51862907e-03  0.00000000e+00  
 1          15         0.75858717       1          1          1          -0.00000000e+00  5.50955160e-03   0.00000000e+00   0.00000000e+00   0.00000000e+00   0.00000000e+00   -5.50955160e-03  0.00000000e+00  
 1          15         0.75858717       1          1          2          -0.00000000e+00  -1.10191032e-02  0.00000000e+00   2.86115509e-03   8.15794810e-03   0.00000000e+00   0.00000000e+00   1.31593897e-18  
 1          15         0.75858717       1          1          3          -0.00000000e+00  5.50955160e-03   0.00000000e+00   0.00000000e+00   0.00000000e+00   0.00000000e+00   -5.50955160e-03  0.00000000e+00  
 1          16         0.79651653       1          1          1          -0.00000000e+00  5.51319424e-03   0.00000000e+00   0.00000000e+00   0.00000000e+00   0.00000000e+00   -5.51319424e-03  0.00000000e+00  
 1          16         0.79651653       1          1          2          -0.00000000e+00  -1.10263885e-02  0.00000000e+00   2.79268033e-03   8.23370816e-03   0.00000000e+00   0.00000000e+00   0.00000000e+00  
 1          16         0.79651653       1          1          3          -0.00000000e+00  5.51319424e-03   0.00000000e+00   0.00000000e+00   0.00000000e+00   0.00000000e+00   -5.51319424e-03  0.00000000e+00  
 1          17         0.83634236       1          1          1          -0.00000000e+00  5.52777120e-03   0.00000000e+00   0.00000000e+00   0.00000000e+00   0.00000000e+00   -5.52777120e-03  0.00000000e+00  
 1          17         0.83634236       1          1          2          -0.00000000e+00  -1.10555424e-02  0.00000000e+00   2.71724490e-03   8.33829750e-03   0.00000000e+00   0.00000000e+00   0.00000000e+00  
 1          17         0.83634236       1          1          3          -0.00000000e+00  5.52777120e-03   0.00000000e+00   0.00000000e+00   0.00000000e+00   0.00000000e+00   -5.52777120e-03  0.00000000e+00  
 1          18         0.87815947       1          1          1          -0.00000000e+00  5.55187181e-03   0.00000000e+00   0.00000000e+00   0.00000000e+00   0.00000000e+00   -5.55187181e-03  0.00000000e+00  
 1          18         0.87815947       1          1          2          -0.00000000e+00  -1.11037436e-02  0.00000000e+00   2.63398233e-03   8.46976129e-03   0.00000000e+00   0.00000000e+00   0.00000000e+00  
 1          18         0.87815947       1          1          3          -0.00000000e+00  5.55187181e-03   0.00000000e+00   0.00000000e+00   0.00000000e+00   0.00000000e+00   -5.55187181e-03  0.00000000e+00  
 1          19         0.92206745       1          1          1          -0.00000000e+00  5.58436690e-03   0.00000000e+00   0.00000000e+00   0.00000000e+00   0.00000000e+00   -5.58436690e-03  0.00000000e+00  
 1          19         0.92206745       1          1          2          -0.00000000e+00  -1.11687338e-02  0.00000000e+00   2.54247243e-03   8.62626137e-03   0.00000000e+00   0.00000000e+00   0.00000000e+00  
 1          19         0.92206745       1          1          3          -0.00000000e+00  5.58436690e-03   0.00000000e+00   0.00000000e+00   0.00000000e+00   0.00000000e+00   -5.58436690e-03  0.00000000e+00  
 1          20         0.96817082       1          1          1          -0.00000000e+00  5.62432235e-03   0.00000000e+00   0.00000000e+00   0.00000000e+00   0.00000000e+00   -5.62432235e-03  0.00000000e+00  
 1          20         0.96817082       1          1          2          -0.00000000e+00  -1.12486447e-02  0.00000000e+00   2.44267785e-03   8.80596686e-03   0.00000000e+00   0.00000000e+00   1.67950865e-18  
 1          20         0.96817082       1          1          3          -0.00000000e+00  5.62432235e-03   0.00000000e+00   0.00000000e+00   0.00000000e+00   0.00000000e+00   -5.62432235e-03  0.00000000e+00  
 1          21         1.01657936       1          1          1          -0.00000000e+00  5.67100040e-03   0.00000000e+00   0.00000000e+00   0.00000000e+00   0.00000000e+00   -5.67100040e-03  0.00000000e+00  
 1          21         1.01657936       1          1          2          -0.00000000e+00  -1.13420008e-02  0.00000000e+00   2.33489355e-03   9.00710726e-03   0.00000000e+00   0.00000000e+00   0.00000000e+00  
 1          21         1.01657936       1          1          3          -0.00000000e+00  5.67100040e-03   0.00000000e+00   0.00000000e+00   0.00000000e+00   0.00000000e+00   -5.67100040e-03  0.00000000e+00  
 1          22         1.06740833       1          1          1          -0.00000000e+00  5.72377412e-03   0.00000000e+00   0.00000000e+00   0.00000000e+00   0.00000000e+00   -5.72377412e-03  0.00000000e+00  
 1          22         1.06740833       1          1          2          -0.00000000e+00  -1.14475482e-02  0.00000000e+00   2.21969568e-03   9.22785256e-03   0.00000000e+00   0.00000000e+00   0.00000000e+00  
 1          22         1.06740833       1          1          3          -0.00000000e+00  5.72377412e-03   0.00000000e+00   0.00000000e+00   0.00000000e+00   0.00000000e+00   -5.72377412e-03  0.00000000e+00  
 1          23         1.12077875       1          1          1          -0.00000000e+00  5.78213338e-03   0.00000000e+00   0.00000000e+00   0.00000000e+00   0.00000000e+00   -5.78213338e-03  0.00000000e+00  
 1          23         1.12077875       1          1          2          -0.00000000e+00  -1.15642668e-02  0.00000000e+00   2.09789916e-03   9.46636761e-03   0.00000000e+00   0.00000000e+00   0.00000000e+00  
 1          23         1.12077875       1          1          3          -0.00000000e+00  5.78213338e-03   0.00000000e+00   0.00000000e+00   0.00000000e+00   0.00000000e+00   -5.78213338e-03  0.00000000e+00  
 1          24         1.17681768       1          1          1          -0.00000000e+00  5.84565145e-03   0.00000000e+00   0.00000000e+00   0.00000000e+00   0.00000000e+00   -5.84565145e-03  0.00000000e+00  
 1          24         1.17681768       1          1          2          -0.00000000e+00  -1.16913029e-02  0.00000000e+00   1.97051928e-03   9.72078363e-03   0.00000000e+00   0.00000000e+00   0.00000000e+00  
 1          24         1.17681768       1          1          3          -0.00000000e+00  5.84565145e-03   0.00000000e+00   0.00000000e+00   0.00000000e+00   0.00000000e+00   -5.84565145e-03  0.00000000e+00  
 1          25         1.23565857       1          1          1          -0.00000000e+00  5.91400060e-03   0.00000000e+00   0.00000000e+00   0.00000000e+00   0.00000000e+00   -5.91400060e-03  0.00000000e+00  
 1          25         1.23565857       1          1          2          -0.00000000e+00  -1.18280012e-02  0.00000000e+00   1.83873555e-03   9.98926565e-03   0.00000000e+00   0.00000000e+00   0.00000000e+00  
 1          25         1.23565857       1          1          3          -0.00000000e+00  5.91400060e-03   0.00000000e+00   0.00000000e+00   0.00000000e+00   0.00000000e+00   -5.91400060e-03  0.00000000e+00  
 1          26         1.29744149       1          1          1          -0.00000000e+00  5.98690261e-03   0.00000000e+00   0.00000000e+00   0.00000000e+00   0.00000000e+00   -5.98690261e-03  0.00000000e+00  
 1          26         1.29744149       1          1          2          -0.00000000e+00  -1.19738052e-02  0.00000000e+00   1.70385390e-03   1.02699513e-02   0.00000000e+00   0.00000000e+00   0.00000000e+00  
 1          26         1.29744149       1          1          3          -0.00000000e+00  5.98690261e-03   0.00000000e+00   0.00000000e+00   0.00000000e+00   0.00000000e+00   -5.98690261e-03  0.00000000e+00  
 1          27         1.36231357       1          1          1          -0.00000000e+00  6.06413710e-03   0.00000000e+00   0.00000000e+00   0.00000000e+00   0.00000000e+00   -6.06413710e-03  0.00000000e+00  
 1          27         1.36231357       1          1          2          -0.00000000e+00  -1.21282742e-02  0.00000000e+00   1.56727156e-03   1.05610026e-02   0.00000000e+00   0.00000000e+00   0.00000000e+00  
 1          27         1.36231357       1          1          3          -0.00000000e+00  6.06413710e-03   0.00000000e+00   0.00000000e+00   0.00000000e+00   0.00000000e+00   -6.06413710e-03  0.00000000e+00  
 1          28         1.43042925       1          1          1          -0.00000000e+00  6.14554110e-03   0.00000000e+00   0.00000000e+00   0.00000000e+00   0.00000000e+00   -6.14554110e-03  0.00000000e+00  
 1          28         1.43042925       1          1          2          -0.00000000e+00  -1.22910822e-02  0.00000000e+00   1.43044024e-03   1.08606420e-02   0.00000000e+00   0.00000000e+00   0.00000000e+00  
 1          28         1.43042925       1          1          3          -0.00000000e+00  6.14554110e-03   0.00000000e+00   0.00000000e+00   0.00000000e+00   0.00000000e+00   -6.14554110e-03  0.00000000e+00  
 1          29         1.50195071       1          1          1          -0.00000000e+00  6.23098129e-03   0.00000000e+00   0.00000000e+00   0.00000000e+00   0.00000000e+00   -6.23098129e-03  0.00000000e+00  
 1          29         1.50195071       1          1          2          -0.00000000e+00  -1.24619626e-02  0.00000000e+00   1.29482703e-03   1.11671356e-02   0.00000000e+00   0.00000000e+00   0.00000000e+00  
 1          29         1.50195071       1          1          3          -0.00000000e+00  6.23098129e-03   0.00000000e+00   0.00000000e+00   0.00000000e+00   0.00000000e+00   -6.23098129e-03  0.00000000e+00  
 1          30         1.57704825       1          1          1          -0.00000000e+00  6.32035061e-03   0.00000000e+00   0.00000000e+00   0.00000000e+00   0.00000000e+00   -6.32035061e-03  0.00000000e+00  
 1          30         1.57704825       1          1          2          -0.00000000e+00  -1.26407012e-02  0.00000000e+00   1.16187553e-03   1.14788257e-02   0.00000000e+00   0.00000000e+00   -2.73574261e-18 
 1          30         1.57704825       1          1          3          -0.00000000e+00  6.32035061e-03   0.00000000e+00   0.00000000e+00   0.00000000e+00   0.00000000e+00   -6.32035061e-03  0.00000000e+00  
 1          31         1.65590066       1          1          1          -0.00000000e+00  6.41360173e-03   0.00000000e+00   0.00000000e+00   0.00000000e+00   0.00000000e+00   -6.41360173e-03  0.00000000e+00  
 1          31         1.65590066       1          1          2          -0.00000000e+00  -1.28272035e-02  0.00000000e+00   1.03296999e-03   1.17942335e-02   0.00000000e+00   0.00000000e+00   1.43626487e-18  
 1          31         1.65590066       1          1          3          -0.00000000e+00  6.41360173e-03   0.00000000e+00   0.00000000e+00   0.00000000e+00   0.00000000e+00   -6.41360173e-03  0.00000000e+00  
 1          32         1.73869569       1          1          1          -0.00000000e+00  6.51069124e-03   0.00000000e+00   0.00000000e+00   0.00000000e+00   0.00000000e+00   -6.51069124e-03  0.00000000e+00  
 1          32         1.73869569       1          1          2          -0.00000000e+00  -1.30213825e-02  0.00000000e+00   9.09394645e-04   1.21119878e-02   0.00000000e+00   0.00000000e+00   0.00000000e+00  
 1          32         1.73869569       1          1          3          -0.00000000e+00  6.51069124e-03   0.00000000e+00   0.00000000e+00   0.00000000e+00   0.00000000e+00   -6.51069124e-03  0.00000000e+00  
 1          33         1.82563048       1          1          1          -0.00000000e+00  6.61160407e-03   0.00000000e+00   0.00000000e+00   0.00000000e+00   0.00000000e+00   -6.61160407e-03  0.00000000e+00  
 1          33         1.82563048       1          1          2          -0.00000000e+00  -1.32232081e-02  0.00000000e+00   7.92300848e-04   1.24309073e-02   0.00000000e+00   0.00000000e+00   0.00000000e+00  
 1          33         1.82563048       1          1          3          -0.00000000e+00  6.61160407e-03   0.00000000e+00   0.00000000e+00   0.00000000e+00   0.00000000e+00   -6.61160407e-03  0.00000000e+00  
 1          34         1.91691200       1          1          1          -0.00000000e+00  6.71634738e-03   0.00000000e+00   0.00000000e+00   0.00000000e+00   0.00000000e+00   -6.71634738e-03  0.00000000e+00  
 1          34         1.91691200       1          1          2          -0.00000000e+00  -1.34326948e-02  0.00000000e+00   6.82676161e-04   1.27500186e-02   0.00000000e+00   0.00000000e+00   -1.66265612e-18 
 1          34         1.91691200       1          1          3          -0.00000000e+00  6.71634738e-03   0.00000000e+00   0.00000000e+00   0.00000000e+00   0.00000000e+00   -6.71634738e-03  0.00000000e+00  
 1          35         2.01275760       1          1          1          -0.00000000e+00  6.82494543e-03   0.00000000e+00   0.00000000e+00   0.00000000e+00   0.00000000e+00   -6.82494543e-03  0.00000000e+00  
 1          35         2.01275760       1          1          2          -0.00000000e+00  -1.36498909e-02  0.00000000e+00   5.81318888e-04   1.30685720e-02   0.00000000e+00   0.00000000e+00   0.00000000e+00  
 1          35         2.01275760       1          1          3          -0.00000000e+00  6.82494543e-03   0.00000000e+00   0.00000000e+00   0.00000000e+00   0.00000000e+00   -6.82494543e-03  0.00000000e+00  
 1          36         2.11339548       1          1          1          -0.00000000e+00  6.93743257e-03   0.00000000e+00   0.00000000e+00   0.00000000e+00   0.00000000e+00   -6.93743257e-03  0.00000000e+00  
 1          36         2.11339548       1          1          2          -0.00000000e+00  -1.38748651e-02  0.00000000e+00   4.88818958e-04   1.33860462e-02   0.00000000e+00   0.00000000e+00   1.83307838e-18  
 1          36         2.11339548       1          1          3          -0.00000000e+00  6.93743257e-03   0.00000000e+00   0.00000000e+00   0.00000000e+00   0.00000000e+00   -6.93743257e-03  0.00000000e+00  
 1          37         2.21906525       1          1          1          -0.00000000e+00  7.05385799e-03   0.00000000e+00   0.00000000e+00   0.00000000e+00   0.00000000e+00   -7.05385799e-03  0.00000000e+00  
 1          37         2.21906525       1          1          2          -0.00000000e+00  -1.41077160e-02  0.00000000e+00   4.05547142e-04   1.37021688e-02   0.00000000e+00   0.00000000e+00   0.00000000e+00  
 1          37         2.21906525       1          1          3          -0.00000000e+00  7.05385799e-03   0.00000000e+00   0.00000000e+00   0.00000000e+00   0.00000000e+00   -7.05385799e-03  0.00000000e+00  
 1          38         2.33001852       1          1          1          -0.00000000e+00  7.17428245e-03   0.00000000e+00   0.00000000e+00   0.00000000e+00   0.00000000e+00   -7.17428245e-03  0.00000000e+00  
 1          38         2.33001852       1          1          2          -0.00000000e+00  -1.43485649e-02  0.00000000e+00   3.31651939e-04   1.40169130e-02   0.00000000e+00   0.00000000e+00   0.00000000e+00  
 1          38         2.33001852       1          1          3          -0.00000000e+00  7.17428245e-03   0.00000000e+00   0.00000000e+00   0.00000000e+00   0.00000000e+00   -7.17428245e-03  0.00000000e+00  
 1          39         2.44651944       1          1          1          -0.00000000e+00  7.29877339e-03   0.00000000e+00   0.00000000e+00   0.00000000e+00   0.00000000e+00   -7.29877339e-03  0.00000000e+00  
 1          39         2.44651944       1          1          2          -0.00000000e+00  -1.45975468e-02  0.00000000e+00   2.67064883e-04   1.43304819e-02   0.00000000e+00   0.00000000e+00   0.00000000e+00  
 1          39         2.44651944       1          1          3          -0.00000000e+00  7.29877339e-03   0.00000000e+00   0.00000000e+00   0.00000000e+00   0.00000000e+00   -7.29877339e-03  0.00000000e+00  
 1          40         2.56884541       1          1          1          -0.00000000e+00  7.42740495e-03   0.00000000e+00   0.00000000e+00   0.00000000e+00   0.00000000e+00   -7.42740495e-03  0.00000000e+00  
 1          40         2.56884541       1          1          2          -0.00000000e+00  -1.48548099e-02  0.00000000e+00   2.11514483e-04   1.46432954e-02   0.00000000e+00   0.00000000e+00   0.00000000e+00  
 1          40         2.56884541       1          1          3          -0.00000000e+00  7.42740495e-03   0.00000000e+00   0.00000000e+00   0.00000000e+00   0.00000000e+00   -7.42740495e-03  0.00000000e+00  
 1          41         2.69728768       1          1          1          -0.00000000e+00  7.56026041e-03   0.00000000e+00   0.00000000e+00   0.00000000e+00   0.00000000e+00   -7.56026041e-03  0.00000000e+00  
 1          41         2.69728768       1          1          2          -0.00000000e+00  -1.51205208e-02  0.00000000e+00   1.64548059e-04   1.49559728e-02   0.00000000e+00   0.00000000e+00   0.00000000e+00  
 1          41         2.69728768       1          1          3          -0.00000000e+00  7.56026041e-03   0.00000000e+00   0.00000000e+00   0.00000000e+00   0.00000000e+00   -7.56026041e-03  0.00000000e+00  
 1          42         2.83215207       1          1          1          -0.00000000e+00  7.69742529e-03   0.00000000e+00   0.00000000e+00   0.00000000e+00   0.00000000e+00   -7.69742529e-03  0.00000000e+00  
 1          42         2.83215207       1          1          2          -0.00000000e+00  -1.53948506e-02  0.00000000e+00   1.25559666e-04   1.52692909e-02   0.00000000e+00   0.00000000e+00   0.00000000e+00  
 1          42         2.83215207       1          1          3          -0.00000000e+00  7.69742529e-03   0.00000000e+00   0.00000000e+00   0.00000000e+00   0.00000000e+00   -7.69742529e-03  0.00000000e+00  
 1          43         2.97375967       1          1          1          -0.00000000e+00  7.83899170e-03   0.00000000e+00   0.00000000e+00   0.00000000e+00   0.00000000e+00   -7.83899170e-03  0.00000000e+00  
 1          43         2.97375967       1          1          2          -0.00000000e+00  -1.56779834e-02  0.00000000e+00   9.38239479e-05   1.55841594e-02   0.00000000e+00   0.00000000e+00   0.00000000e+00  
 1          43         2.97375967       1          1          3          -0.00000000e+00  7.83899170e-03   0.00000000e+00   0.00000000e+00   0.00000000e+00   0.00000000e+00   -7.83899170e-03  0.00000000e+00  
 1          44         3.12244766       1          1          1          -0.00000000e+00  7.98505463e-03   0.00000000e+00   0.00000000e+00   0.00000000e+00   0.00000000e+00   -7.98505463e-03  0.00000000e+00  
 1          44         3.12244766       1          1          2          -0.00000000e+00  -1.59701093e-02  0.00000000e+00   6.85328061e-05   1.59015765e-02   0.00000000e+00   0.00000000e+00   0.00000000e+00  
 1          44         3.12244766       1          1          3          -0.00000000e+00  7.98505463e-03   0.00000000e+00   0.00000000e+00   0.00000000e+00   0.00000000e+00   -7.98505463e-03  0.00000000e+00  
 1          45         3.27857004       1          1          1          -0.00000000e+00  8.13571276e-03   0.00000000e+00   0.00000000e+00   0.00000000e+00   0.00000000e+00   -8.13571276e-03  0.00000000e+00  
 1          45         3.27857004       1          1          2          -0.00000000e+00  -1.62714255e-02  0.00000000e+00   4.88336794e-05   1.62225918e-02   0.00000000e+00   0.00000000e+00   0.00000000e+00  
 1          45         3.27857004       1          1          3          -0.00000000e+00  8.13571276e-03   0.00000000e+00   0.00000000e+00   0.00000000e+00   0.00000000e+00   -8.13571276e-03  0.00000000e+00  
 1          46         3.44249854       1          1          1          -0.00000000e+00  8.29106809e-03   0.00000000e+00   0.00000000e+00   0.00000000e+00   0.00000000e+00   -8.29106809e-03  0.00000000e+00  
 1          46         3.44249854       1          1          2          -0.00000000e+00  -1.65821362e-02  0.00000000e+00   3.38667895e-05   1.65482694e-02   0.00000000e+00   0.00000000e+00   0.00000000e+00  
 1          46         3.44249854       1          1          3          -0.00000000e+00  8.29106809e-03   0.00000000e+00   0.00000000e+00   0.00000000e+00   0.00000000e+00   -8.29106809e-03  0.00000000e+00  
 1          47         3.61462347       1          1          1          -0.00000000e+00  8.45122506e-03   0.00000000e+00   0.00000000e+00   0.00000000e+00   0.00000000e+00   -8.45122506e-03  0.00000000e+00  
 1          47         3.61462347       1          1          2          -0.00000000e+00  -1.69024501e-02  0.00000000e+00   2.27992683e-05   1.68796508e-02   0.00000000e+00   0.00000000e+00   0.00000000e+00  
 1          47         3.61462347       1          1          3          -0.00000000e+00  8.45122506e-03   0.00000000e+00   0.00000000e+00   0.00000000e+00   0.00000000e+00   -8.45122506e-03  0.00000000e+00  
 1          48         3.79535464       1          1          1          -0.00000000e+00  8.61629087e-03   0.00000000e+00   0.00000000e+00   0.00000000e+00   0.00000000e+00   -8.61629087e-03  0.00000000e+00  
 1          48         3.79535464       1          1          2          -0.00000000e+00  -1.72325817e-02  0.00000000e+00   1.48543643e-05   1.72177274e-02   0.00000000e+00   0.00000000e+00   0.00000000e+00  
 1          48         3.79535464       1          1          3          -0.00000000e+00  8.61629087e-03   0.00000000e+00   0.00000000e+00   0.00000000e+00   0.00000000e+00   -8.61629087e-03  0.00000000e+00  
 1          49         3.98512237       1          1          1          -0.00000000e+00  8.78637520e-03   0.00000000e+00   0.00000000e+00   0.00000000e+00   0.00000000e+00   -8.78637520e-03  0.00000000e+00  
 1          49         3.98512237       1          1          2          -0.00000000e+00  -1.75727504e-02  0.00000000e+00   9.33404074e-06   1.75634164e-02   0.00000000e+00   0.00000000e+00   0.00000000e+00  
 1          49         3.98512237       1          1          3          -0.00000000e+00  8.78637520e-03   0.00000000e+00   0.00000000e+00   0.00000000e+00   0.00000000e+00   -8.78637520e-03  0.00000000e+00  
 1          50         4.18437849       1          1          1          -0.00000000e+00  8.96159013e-03   0.00000000e+00   0.00000000e+00   0.00000000e+00   0.00000000e+00   -8.96159013e-03  0.00000000e+00  
 1          50         4.18437849       1          1          2          -0.00000000e+00  -1.79231803e-02  0.00000000e+00   5.63410462e-06   1.79175461e-02   0.00000000e+00   0.00000000e+00   0.00000000e+00  
 1          50         4.18437849       1          1          3          -0.00000000e+00  8.96159013e-03   0.00000000e+00   0.00000000e+00   0.00000000e+00   0.00000000e+00   -8.96159013e-03  0.00000000e+00  
 1          51         4.39359742       1          1          1          -0.00000000e+00  9.14205015e-03   0.00000000e+00   0.00000000e+00   0.00000000e+00   0.00000000e+00   -9.14205015e-03  0.00000000e+00  
 1          51         4.39359742       1          1          2          -0.00000000e+00  -1.82841003e-02  0.00000000e+00   3.25150166e-06   1.82808488e-02   0.00000000e+00   0.00000000e+00   0.00000000e+00  
 1          51         4.39359742       1          1          3          -0.00000000e+00  9.14205015e-03   0.00000000e+00   0.00000000e+00   0.00000000e+00   0.00000000e+00   -9.14205015e-03  0.00000000e+00  
 1          52         4.61327729       1          1          1          -0.00000000e+00  9.32787214e-03   0.00000000e+00   0.00000000e+00   0.00000000e+00   0.00000000e+00   -9.32787214e-03  0.00000000e+00  
 1          52         4.61327729       1          1          2          -0.00000000e+00  -1.86557443e-02  0.00000000e+00   1.78422380e-06   1.86539601e-02   0.00000000e+00   0.00000000e+00   0.00000000e+00  
 1          52         4.61327729       1          1          3          -0.00000000e+00  9.32787214e-03   0.00000000e+00   0.00000000e+00   0.00000000e+00   0.00000000e+00   -9.32787214e-03  0.00000000e+00  
 1          53         4.84394115       1          1          1          -0.00000000e+00  9.51917545e-03   0.00000000e+00   0.00000000e+00   0.00000000e+00   0.00000000e+00   -9.51917545e-03  0.00000000e+00  
 1          53         4.84394115       1          1          2          -0.00000000e+00  -1.90383509e-02  0.00000000e+00   9.24846245e-07   1.90374260e-02   0.00000000e+00   0.00000000e+00   0.00000000e+00  
 1          53         4.84394115       1          1          3          -0.00000000e+00  9.51917545e-03   0.00000000e+00   0.00000000e+00   0.00000000e+00   0.00000000e+00   -9.51917545e-03  0.00000000e+00  
 1          54         5.08613821       1          1          1          -0.00000000e+00  9.71608192e-03   0.00000000e+00   0.00000000e+00   0.00000000e+00   0.00000000e+00   -9.71608192e-03  0.00000000e+00  
 1          54         5.08613821       1          1          2          -0.00000000e+00  -1.94321638e-02  0.00000000e+00   4.49276150e-07   1.94317146e-02   0.00000000e+00   0.00000000e+00   -2.20576084e-18 
 1          54         5.08613821       1          1          3          -0.00000000e+00  9.71608192e-03   0.00000000e+00   0.00000000e+00   0.00000000e+00   0.00000000e+00   -9.71608192e-03  0.00000000e+00  
 1          55         5.34044512       1          1          1          -0.00000000e+00  9.91871601e-03   0.00000000e+00   0.00000000e+00   0.00000000e+00   0.00000000e+00   -9.91871601e-03  0.00000000e+00  
 1          55         5.34044512       1          1          2          -0.00000000e+00  -1.98374320e-02  0.00000000e+00   2.02585683e-07   1.98372294e-02   0.00000000e+00   0.00000000e+00   -2.31604888e-18 
 1          55         5.34044512       1          1          3          -0.00000000e+00  9.91871601e-03   0.00000000e+00   0.00000000e+00   0.00000000e+00   0.00000000e+00   -9.91871601e-03  0.00000000e+00  
 1          56         5.60746738       1          1          1          -0.00000000e+00  1.01272049e-02   0.00000000e+00   0.00000000e+00   0.00000000e+00   0.00000000e+00   -1.01272049e-02  0.00000000e+00  
 1          56         5.60746738       1          1          2          -0.00000000e+00  -2.02544099e-02  0.00000000e+00   8.37916267e-08   2.02543261e-02   0.00000000e+00   0.00000000e+00   0.00000000e+00  
 1          56         5.60746738       1          1          3          -0.00000000e+00  1.01272049e-02   0.00000000e+00   0.00000000e+00   0.00000000e+00   0.00000000e+00   -1.01272049e-02  0.00000000e+00  
 1          57         5.88784074       1          1          1          -0.00000000e+00  1.03416785e-02   0.00000000e+00   0.00000000e+00   0.00000000e+00   0.00000000e+00   -1.03416785e-02  0.00000000e+00  
 1          57         5.88784074       1          1          2          -0.00000000e+00  -2.06833570e-02  0.00000000e+00   3.13136445e-08   2.06833257e-02   0.00000000e+00   0.00000000e+00   2.55344389e-18  
 1          57         5.88784074       1          1          3          -0.00000000e+00  1.03416785e-02   0.00000000e+00   0.00000000e+00   0.00000000e+00   0.00000000e+00   -1.03416785e-02  0.00000000e+00  
 1          58         6.18223278       1          1          1          -0.00000000e+00  1.05622697e-02   0.00000000e+00   0.00000000e+00   0.00000000e+00   0.00000000e+00   -1.05622697e-02  0.00000000e+00  
 1          58         6.18223278       1          1          2          -0.00000000e+00  -2.11245395e-02  0.00000000e+00   1.03744654e-08   2.11245291e-02   0.00000000e+00   0.00000000e+00   0.00000000e+00  
 1          58         6.18223278       1          1          3          -0.00000000e+00  1.05622697e-02   0.00000000e+00   0.00000000e+00   0.00000000e+00   0.00000000e+00   -1.05622697e-02  0.00000000e+00  
 1          59         6.49134442       1          1          1          -0.00000000e+00  1.07891146e-02   0.00000000e+00   0.00000000e+00   0.00000000e+00   0.00000000e+00   -1.07891146e-02  0.00000000e+00  
 1          59         6.49134442       1          1          2          -0.00000000e+00  -2.15782292e-02  0.00000000e+00   2.97256910e-09   2.15782262e-02   0.00000000e+00   0.00000000e+00   0.00000000e+00  
 1          59         6.49134442       1          1          3          -0.00000000e+00  1.07891146e-02   0.00000000e+00   0.00000000e+00   0.00000000e+00   0.00000000e+00   -1.07891146e-02  0.00000000e+00  
 1          60         6.81591164       1          1          1          -0.00000000e+00  1.10223520e-02   0.00000000e+00   0.00000000e+00   0.00000000e+00   0.00000000e+00   -1.10223520e-02  0.00000000e+00  
 1          60         6.81591164       1          1          2          -0.00000000e+00  -2.20447040e-02  0.00000000e+00   7.09845098e-10   2.20447033e-02   0.00000000e+00   0.00000000e+00   0.00000000e+00  
 1          60         6.81591164       1          1          3          -0.00000000e+00  1.10223520e-02   0.00000000e+00   0.00000000e+00   0.00000000e+00   0.00000000e+00   -1.10223520e-02  0.00000000e+00  
 1          61         7.15670722       1          1          1          -0.00000000e+00  1.12621245e-02   0.00000000e+00   0.00000000e+00   0.00000000e+00   0.00000000e+00   -1.12621245e-02  0.00000000e+00  
 1          61         7.15670722       1          1          2          -0.00000000e+00  -2.25242489e-02  0.00000000e+00   1.35538341e-10   2.25242488e-02   0.00000000e+00   0.00000000e+00   3.10372701e-18  
 1          61         7.15670722       1          1          3          -0.00000000e+00  1.12621245e-02   0.00000000e+00   0.00000000e+00   0.00000000e+00   0.00000000e+00   -1.12621245e-02  0.00000000e+00  
 1          62         7.51454258       1          1          1          -0.00000000e+00  1.15085778e-02   0.00000000e+00   0.00000000e+00   0.00000000e+00   0.00000000e+00   -1.15085778e-02  0.00000000e+00  
 1          62         7.51454258       1          1          2          -0.00000000e+00  -2.30171556e-02  0.00000000e+00   1.88599171e-11   2.30171556e-02   0.00000000e+00   0.00000000e+00   0.00000000e+00  
 1          62         7.51454258       1          1          3          -0.00000000e+00  1.15085778e-02   0.00000000e+00   0.00000000e+00   0.00000000e+00   0.00000000e+00   -1.15085778e-02  0.00000000e+00  
 1          63         7.89026971       1          1          1          -0.00000000e+00  1.17618613e-02   0.00000000e+00   0.00000000e+00   0.00000000e+00   0.00000000e+00   -1.17618613e-02  0.00000000e+00  
 1          63         7.89026971       1          1          2          -0.00000000e+00  -2.35237227e-02  0.00000000e+00   1.74340130e-12   2.35237227e-02   0.00000000e+00   0.00000000e+00   0.00000000e+00  
 1          63         7.89026971       1          1          3          -0.00000000e+00  1.17618613e-02   0.00000000e+00   0.00000000e+00   0.00000000e+00   0.00000000e+00   -1.17618613e-02  0.00000000e+00  
 1          64         8.28478320       1          1          1          -0.00000000e+00  1.20221281e-02   0.00000000e+00   0.00000000e+00   0.00000000e+00   0.00000000e+00   -1.20221281e-02  0.00000000e+00  
 1          64         8.28478320       1          1          2          -0.00000000e+00  -2.40442562e-02  0.00000000e+00   1.54963415e-14   2.40442562e-02   0.00000000e+00   0.00000000e+00   0.00000000e+00  
 1          64         8.28478320       1          1          3          -0.00000000e+00  1.20221281e-02   0.00000000e+00   0.00000000e+00   0.00000000e+00   0.00000000e+00   -1.20221281e-02  0.00000000e+00  
 1          65         8.69902236       1          1          1          -0.00000000e+00  1.22895349e-02   0.00000000e+00   0.00000000e+00   0.00000000e+00   0.00000000e+00   -1.22895349e-02  0.00000000e+00  
 1          65         8.69902236       1          1          2          -0.00000000e+00  -2.45790699e-02  0.00000000e+00   -4.84744172e-16  2.45790699e-02   0.00000000e+00   0.00000000e+00   0.00000000e+00  
 1          65         8.69902236       1          1          3          -0.00000000e+00  1.22895349e-02   0.00000000e+00   0.00000000e+00   0.00000000e+00   0.00000000e+00   -1.22895349e-02  0.00000000e+00  
 1          66         9.13397348       1          1          1          -0.00000000e+00  1.25642426e-02   0.00000000e+00   0.00000000e+00   0.00000000e+00   0.00000000e+00   -1.25642426e-02  0.00000000e+00  
 1          66         9.13397348       1          1          2          -0.00000000e+00  -2.51284852e-02  0.00000000e+00   -1.00016563e-14  2.51284852e-02   0.00000000e+00   0.00000000e+00   0.00000000e+00  
 1          66         9.13397348       1          1          3          -0.00000000e+00  1.25642426e-02   0.00000000e+00   0.00000000e+00   0.00000000e+00   0.00000000e+00   -1.25642426e-02  0.00000000e+00  
 1          67         9.59067215       1          1          1          -0.00000000e+00  1.28464160e-02   0.00000000e+00   0.00000000e+00   0.00000000e+00   0.00000000e+00   -1.28464160e-02  0.00000000e+00  
 1          67         9.59067215       1          1          2          -0.00000000e+00  -2.56928319e-02  0.00000000e+00   -1.66492100e-14  2.56928319e-02   0.00000000e+00   0.00000000e+00   4.15929103e-18  
 1          67         9.59067215       1          1          3          -0.00000000e+00  1.28464160e-02   0.00000000e+00   0.00000000e+00   0.00000000e+00   0.00000000e+00   -1.28464160e-02  0.00000000e+00  
 1          68         10.07020576      1          1          1          -0.00000000e+00  1.31362240e-02   0.00000000e+00   0.00000000e+00   0.00000000e+00   0.00000000e+00   -1.31362240e-02  0.00000000e+00  
 1          68         10.07020576      1          1          2          -0.00000000e+00  -2.62724479e-02  0.00000000e+00   2.05339191e-14   2.62724479e-02   0.00000000e+00   0.00000000e+00   0.00000000e+00  
 1          68         10.07020576      1          1          3          -0.00000000e+00  1.31362240e-02   0.00000000e+00   0.00000000e+00   0.00000000e+00   0.00000000e+00   -1.31362240e-02  0.00000000e+00  
 1          69         10.57371605      1          1          1          -0.00000000e+00  1.34338400e-02   0.00000000e+00   0.00000000e+00   0.00000000e+00   0.00000000e+00   -1.34338400e-02  0.00000000e+00  
 1          69         10.57371605      1          1          2          -0.00000000e+00  -2.68676800e-02  0.00000000e+00   6.66957036e-16   2.68676800e-02   0.00000000e+00   0.00000000e+00   0.00000000e+00  
 1          69         10.57371605      1          1          3          -0.00000000e+00  1.34338400e-02   0.00000000e+00   0.00000000e+00   0.00000000e+00   0.00000000e+00   -1.34338400e-02  0.00000000e+00  
 1          70         11.10240185      1          1          1          -0.00000000e+00  1.37394418e-02   0.00000000e+00   0.00000000e+00   0.00000000e+00   0.00000000e+00   -1.37394418e-02  0.00000000e+00  
 1          70         11.10240185      1          1          2          -0.00000000e+00  -2.74788835e-02  0.00000000e+00   0.00000000e+00   2.74788835e-02   0.00000000e+00   0.00000000e+00   0.00000000e+00  
 1          70         11.10240185      1          1          3          -0.00000000e+00  1.37394418e-02   0.00000000e+00   0.00000000e+00   0.00000000e+00   0.00000000e+00   -1.37394418e-02  0.00000000e+00  
 1          71         11.65752194      1          1          1          -0.00000000e+00  1.40532116e-02   0.00000000e+00   0.00000000e+00   0.00000000e+00   0.00000000e+00   -1.40532116e-02  0.00000000e+00  
 1          71         11.65752194      1          1          2          -0.00000000e+00  -2.81064233e-02  0.00000000e+00   0.00000000e+00   2.81064233e-02   0.00000000e+00   0.00000000e+00   5.05564425e-18  
 1          71         11.65752194      1          1          3          -0.00000000e+00  1.40532116e-02   0.00000000e+00   0.00000000e+00   0.00000000e+00   0.00000000e+00   -1.40532116e-02  0.00000000e+00  
 1          72         12.24039804      1          1          1          -0.00000000e+00  1.43753366e-02   0.00000000e+00   0.00000000e+00   0.00000000e+00   0.00000000e+00   -1.43753366e-02  0.00000000e+00  
 1          72         12.24039804      1          1          2          -0.00000000e+00  -2.87506733e-02  0.00000000e+00   0.00000000e+00   2.87506733e-02   0.00000000e+00   0.00000000e+00   0.00000000e+00  
 1          72         12.24039804      1          1          3          -0.00000000e+00  1.43753366e-02   0.00000000e+00   0.00000000e+00   0.00000000e+00   0.00000000e+00   -1.43753366e-02  0.00000000e+00  
 1          73         12.85241794      1          1          1          -0.00000000e+00  1.47060086e-02   0.00000000e+00   0.00000000e+00   0.00000000e+00   0.00000000e+00   -1.47060086e-02  0.00000000e+00  
 1          73         12.85241794      1          1          2          -0.00000000e+00  -2.94120173e-02  0.00000000e+00   0.00000000e+00   2.94120173e-02   0.00000000e+00   0.00000000e+00   0.00000000e+00  
 1          73         12.85241794      1          1          3          -0.00000000e+00  1.47060086e-02   0.00000000e+00   0.00000000e+00   0.00000000e+00   0.00000000e+00   -1.47060086e-02  0.00000000e+00  
 1          74         13.49503884      1          1          1          -0.00000000e+00  1.50454244e-02   0.00000000e+00   0.00000000e+00   0.00000000e+00   0.00000000e+00   -1.50454244e-02  0.00000000e+00  
 1          74         13.49503884      1          1          2          -0.00000000e+00  -3.00908488e-02  0.00000000e+00   0.00000000e+00   3.00908488e-02   0.00000000e+00   0.00000000e+00   0.00000000e+00  
 1          74         13.49503884      1          1          3          -0.00000000e+00  1.50454244e-02   0.00000000e+00   0.00000000e+00   0.00000000e+00   0.00000000e+00   -1.50454244e-02  0.00000000e+00  
 1          75         14.16979078      1          1          1          -0.00000000e+00  1.53937859e-02   0.00000000e+00   0.00000000e+00   0.00000000e+00   0.00000000e+00   -1.53937859e-02  0.00000000e+00  
 1          75         14.16979078      1          1          2          -0.00000000e+00  -3.07875718e-02  0.00000000e+00   0.00000000e+00   3.07875718e-02   0.00000000e+00   0.00000000e+00   0.00000000e+00  
 1          75         14.16979078      1          1          3          -0.00000000e+00  1.53937859e-02   0.00000000e+00   0.00000000e+00   0.00000000e+00   0.00000000e+00   -1.53937859e-02  0.00000000e+00  
 1          76         14.87828032      1          1          1          -0.00000000e+00  1.57513002e-02   0.00000000e+00   0.00000000e+00   0.00000000e+00   0.00000000e+00   -1.57513002e-02  0.00000000e+00  
 1          76         14.87828032      1          1          2          -0.00000000e+00  -3.15026004e-02  0.00000000e+00   0.00000000e+00   3.15026004e-02   0.00000000e+00   0.00000000e+00   0.00000000e+00  
 1          76         14.87828032      1          1          3          -0.00000000e+00  1.57513002e-02   0.00000000e+00   0.00000000e+00   0.00000000e+00   0.00000000e+00   -1.57513002e-02  0.00000000e+00  
 1          77         15.62219433      1          1          1          -0.00000000e+00  1.61181798e-02   0.00000000e+00   0.00000000e+00   0.00000000e+00   0.00000000e+00   -1.61181798e-02  0.00000000e+00  
 1          77         15.62219433      1          1          2          -0.00000000e+00  -3.22363595e-02  0.00000000e+00   0.00000000e+00   3.22363595e-02   0.00000000e+00   0.00000000e+00   -6.77504681e-18 
 1          77         15.62219433      1          1          3          -0.00000000e+00  1.61181798e-02   0.00000000e+00   0.00000000e+00   0.00000000e+00   0.00000000e+00   -1.61181798e-02  0.00000000e+00  
 1          78         16.40330405      1          1          1          -0.00000000e+00  1.64946426e-02   0.00000000e+00   0.00000000e+00   0.00000000e+00   0.00000000e+00   -1.64946426e-02  0.00000000e+00  
 1          78         16.40330405      1          1          2          -0.00000000e+00  -3.29892852e-02  0.00000000e+00   0.00000000e+00   3.29892852e-02   0.00000000e+00   0.00000000e+00   0.00000000e+00  
 1          78         16.40330405      1          1          3          -0.00000000e+00  1.64946426e-02   0.00000000e+00   0.00000000e+00   0.00000000e+00   0.00000000e+00   -1.64946426e-02  0.00000000e+00  
 1          79         17.22346925      1          1          1          -0.00000000e+00  1.68809122e-02   0.00000000e+00   0.00000000e+00   0.00000000e+00   0.00000000e+00   -1.68809122e-02  0.00000000e+00  
 1          79         17.22346925      1          1          2          -0.00000000e+00  -3.37618245e-02  0.00000000e+00   0.00000000e+00   3.37618245e-02   0.00000000e+00   0.00000000e+00   0.00000000e+00  
 1          79         17.22346925      1          1          3          -0.00000000e+00  1.68809122e-02   0.00000000e+00   0.00000000e+00   0.00000000e+00   0.00000000e+00   -1.68809122e-02  0.00000000e+00  
 1          80         18.08464272      1          1          1          -0.00000000e+00  1.72772180e-02   0.00000000e+00   0.00000000e+00   0.00000000e+00   0.00000000e+00   -1.72772180e-02  0.00000000e+00  
 1          80         18.08464272      1          1          2          -0.00000000e+00  -3.45544361e-02  0.00000000e+00   0.00000000e+00   3.45544361e-02   0.00000000e+00   0.00000000e+00   -3.92148178e-18 
 1          80         18.08464272      1          1          3          -0.00000000e+00  1.72772180e-02   0.00000000e+00   0.00000000e+00   0.00000000e+00   0.00000000e+00   -1.72772180e-02  0.00000000e+00  
 1          81         18.98887485      1          1          1          -0.00000000e+00  1.76837953e-02   0.00000000e+00   0.00000000e+00   0.00000000e+00   0.00000000e+00   -1.76837953e-02  0.00000000e+00  
 1          81         18.98887485      1          1          2          -0.00000000e+00  -3.53675906e-02  0.00000000e+00   0.00000000e+00   3.53675906e-02   0.00000000e+00   0.00000000e+00   -4.11755587e-18 
 1          81         18.98887485      1          1          3          -0.00000000e+00  1.76837953e-02   0.00000000e+00   0.00000000e+00   0.00000000e+00   0.00000000e+00   -1.76837953e-02  0.00000000e+00  
 1          82         19.93831860      1          1          1          -0.00000000e+00  1.81008853e-02   0.00000000e+00   0.00000000e+00   0.00000000e+00   0.00000000e+00   -1.81008853e-02  0.00000000e+00  
 1          82         19.93831860      1          1          2          -0.00000000e+00  -3.62017706e-02  0.00000000e+00   0.00000000e+00   3.62017706e-02   0.00000000e+00   0.00000000e+00   0.00000000e+00  
 1          82         19.93831860      1          1          3          -0.00000000e+00  1.81008853e-02   0.00000000e+00   0.00000000e+00   0.00000000e+00   0.00000000e+00   -1.81008853e-02  0.00000000e+00  
 1          83         20.93523452      1          1          1          -0.00000000e+00  1.85287355e-02   0.00000000e+00   0.00000000e+00   0.00000000e+00   0.00000000e+00   -1.85287355e-02  0.00000000e+00  
 1          83         20.93523452      1          1          2          -0.00000000e+00  -3.70574711e-02  0.00000000e+00   0.00000000e+00   3.70574711e-02   0.00000000e+00   0.00000000e+00   0.00000000e+00  
 1          83         20.93523452      1          1          3          -0.00000000e+00  1.85287355e-02   0.00000000e+00   0.00000000e+00   0.00000000e+00   0.00000000e+00   -1.85287355e-02  0.00000000e+00  
 1          84         21.98199625      1          1          1          -0.00000000e+00  1.89675999e-02   0.00000000e+00   0.00000000e+00   0.00000000e+00   0.00000000e+00   -1.89675999e-02  0.00000000e+00  
 1          84         21.98199625      1          1          2          -0.00000000e+00  -3.79351999e-02  0.00000000e+00   0.00000000e+00   3.79351999e-02   0.00000000e+00   0.00000000e+00   0.00000000e+00  
 1          84         21.98199625      1          1          3          -0.00000000e+00  1.89675999e-02   0.00000000e+00   0.00000000e+00   0.00000000e+00   0.00000000e+00   -1.89675999e-02  0.00000000e+00  
 1          85         23.08109606      1          1          1          -0.00000000e+00  1.94177388e-02   0.00000000e+00   0.00000000e+00   0.00000000e+00   0.00000000e+00   -1.94177388e-02  0.00000000e+00  
 1          85         23.08109606      1          1          2          -0.00000000e+00  -3.88354776e-02  0.00000000e+00   0.00000000e+00   3.88354776e-02   0.00000000e+00   0.00000000e+00   0.00000000e+00  
 1          85         23.08109606      1          1          3          -0.00000000e+00  1.94177388e-02   0.00000000e+00   0.00000000e+00   0.00000000e+00   0.00000000e+00   -1.94177388e-02  0.00000000e+00  
 1          86         24.23515087      1          1          1          -0.00000000e+00  1.98794192e-02   0.00000000e+00   0.00000000e+00   0.00000000e+00   0.00000000e+00   -1.98794192e-02  0.00000000e+00  
 1          86         24.23515087      1          1          2          -0.00000000e+00  -3.97588384e-02  0.00000000e+00   0.00000000e+00   3.97588384e-02   0.00000000e+00   0.00000000e+00   0.00000000e+00  
 1          86         24.23515087      1          1          3          -0.00000000e+00  1.98794192e-02   0.00000000e+00   0.00000000e+00   0.00000000e+00   0.00000000e+00   -1.98794192e-02  0.00000000e+00  
 1          87         25.44690841      1          1          1          -0.00000000e+00  2.03529150e-02   0.00000000e+00   0.00000000e+00   0.00000000e+00   0.00000000e+00   -2.03529150e-02  0.00000000e+00  
 1          87         25.44690841      1          1          2          -0.00000000e+00  -4.07058301e-02  0.00000000e+00   0.00000000e+00   4.07058301e-02   0.00000000e+00   0.00000000e+00   0.00000000e+00  
 1          87         25.44690841      1          1          3          -0.00000000e+00  2.03529150e-02   0.00000000e+00   0.00000000e+00   0.00000000e+00   0.00000000e+00   -2.03529150e-02  0.00000000e+00  
 1          88         26.71925383      1          1          1          -0.00000000e+00  2.08385071e-02   0.00000000e+00   0.00000000e+00   0.00000000e+00   0.00000000e+00   -2.08385071e-02  0.00000000e+00  
 1          88         26.71925383      1          1          2          -0.00000000e+00  -4.16770142e-02  0.00000000e+00   0.00000000e+00   4.16770142e-02   0.00000000e+00   0.00000000e+00   0.00000000e+00  
 1          88         26.71925383      1          1          3          -0.00000000e+00  2.08385071e-02   0.00000000e+00   0.00000000e+00   0.00000000e+00   0.00000000e+00   -2.08385071e-02  0.00000000e+00  
 1          89         28.05521652      1          1          1          -0.00000000e+00  2.13364834e-02   0.00000000e+00   0.00000000e+00   0.00000000e+00   0.00000000e+00   -2.13364834e-02  0.00000000e+00  
 1          89         28.05521652      1          1          2          -0.00000000e+00  -4.26729669e-02  0.00000000e+00   0.00000000e+00   4.26729669e-02   0.00000000e+00   0.00000000e+00   0.00000000e+00  
 1          89         28.05521652      1          1          3          -0.00000000e+00  2.13364834e-02   0.00000000e+00   0.00000000e+00   0.00000000e+00   0.00000000e+00   -2.13364834e-02  0.00000000e+00  
 1          90         29.45797735      1          1          1          -0.00000000e+00  2.18471393e-02   0.00000000e+00   0.00000000e+00   0.00000000e+00   0.00000000e+00   -2.18471393e-02  0.00000000e+00  
 1          90         29.45797735      1          1          2          -0.00000000e+00  -4.36942787e-02  0.00000000e+00   0.00000000e+00   4.36942787e-02   0.00000000e+00   0.00000000e+00   0.00000000e+00  
 1          90         29.45797735      1          1          3          -0.00000000e+00  2.18471393e-02   0.00000000e+00   0.00000000e+00   0.00000000e+00   0.00000000e+00   -2.18471393e-02  0.00000000e+00  
 1          91         30.93087622      1          1          1          -0.00000000e+00  2.23707777e-02   0.00000000e+00   0.00000000e+00   0.00000000e+00   0.00000000e+00   -2.23707777e-02  0.00000000e+00  
 1          91         30.93087622      1          1          2          -0.00000000e+00  -4.47415554e-02  0.00000000e+00   0.00000000e+00   4.47415554e-02   0.00000000e+00   0.00000000e+00   0.00000000e+00  
 1          91         30.93087622      1          1          3          -0.00000000e+00  2.23707777e-02   0.00000000e+00   0.00000000e+00   0.00000000e+00   0.00000000e+00   -2.23707777e-02  0.00000000e+00  
 1          92         32.47742003      1          1          1          -0.00000000e+00  2.29077090e-02   0.00000000e+00   0.00000000e+00   0.00000000e+00   0.00000000e+00   -2.29077090e-02  0.00000000e+00  
 1          92         32.47742003      1          1          2          -0.00000000e+00  -4.58154181e-02  0.00000000e+00   0.00000000e+00   4.58154181e-02   0.00000000e+00   0.00000000e+00   0.00000000e+00  
 1          92         32.47742003      1          1          3          -0.00000000e+00  2.29077090e-02   0.00000000e+00   0.00000000e+00   0.00000000e+00   0.00000000e+00   -2.29077090e-02  0.00000000e+00  
 1          93         34.10129103      1          1          1          -0.00000000e+00  2.34582517e-02   0.00000000e+00   0.00000000e+00   0.00000000e+00   0.00000000e+00   -2.34582517e-02  0.00000000e+00  
 1          93         34.10129103      1          1          2          -0.00000000e+00  -4.69165035e-02  0.00000000e+00   0.00000000e+00   4.69165035e-02   0.00000000e+00   0.00000000e+00   0.00000000e+00  
 1          93         34.10129103      1          1          3          -0.00000000e+00  2.34582517e-02   0.00000000e+00   0.00000000e+00   0.00000000e+00   0.00000000e+00   -2.34582517e-02  0.00000000e+00  
 1          94         35.80635558      1          1          1          -0.00000000e+00  2.40227323e-02   0.00000000e+00   0.00000000e+00   0.00000000e+00   0.00000000e+00   -2.40227323e-02  0.00000000e+00  
 1          94         35.80635558      1          1          2          -0.00000000e+00  -4.80454645e-02  0.00000000e+00   0.00000000e+00   4.80454645e-02   0.00000000e+00   0.00000000e+00   0.00000000e+00  
 1          94         35.80635558      1          1          3          -0.00000000e+00  2.40227323e-02   0.00000000e+00   0.00000000e+00   0.00000000e+00   0.00000000e+00   -2.40227323e-02  0.00000000e+00  
 1          95         37.59667336      1          1          1          -0.00000000e+00  2.46014853e-02   0.00000000e+00   0.00000000e+00   0.00000000e+00   0.00000000e+00   -2.46014853e-02  0.00000000e+00  
 1          95         37.59667336      1          1          2          -0.00000000e+00  -4.92029706e-02  0.00000000e+00   0.00000000e+00   4.92029706e-02   0.00000000e+00   0.00000000e+00   0.00000000e+00  
 1          95         37.59667336      1          1          3          -0.00000000e+00  2.46014853e-02   0.00000000e+00   0.00000000e+00   0.00000000e+00   0.00000000e+00   -2.46014853e-02  0.00000000e+00  
 1          96         39.47650703      1          1          1          -0.00000000e+00  2.51948541e-02   0.00000000e+00   0.00000000e+00   0.00000000e+00   0.00000000e+00   -2.51948541e-02  0.00000000e+00  
 1          96         39.47650703      1          1          2          -0.00000000e+00  -5.03897082e-02  0.00000000e+00   0.00000000e+00   5.03897082e-02   0.00000000e+00   0.00000000e+00   0.00000000e+00  
 1          96         39.47650703      1          1          3          -0.00000000e+00  2.51948541e-02   0.00000000e+00   0.00000000e+00   0.00000000e+00   0.00000000e+00   -2.51948541e-02  0.00000000e+00  
 1          97         41.45033238      1          1          1          -0.00000000e+00  2.58031903e-02   0.00000000e+00   0.00000000e+00   0.00000000e+00   0.00000000e+00   -2.58031903e-02  0.00000000e+00  
 1          97         41.45033238      1          1          2          -0.00000000e+00  -5.16063807e-02  0.00000000e+00   0.00000000e+00   5.16063807e-02   0.00000000e+00   0.00000000e+00   0.00000000e+00  
 1          97         41.45033238      1          1          3          -0.00000000e+00  2.58031903e-02   0.00000000e+00   0.00000000e+00   0.00000000e+00   0.00000000e+00   -2.58031903e-02  0.00000000e+00  
 1          98         43.52284900      1          1          1          -0.00000000e+00  2.64268548e-02   0.00000000e+00   0.00000000e+00   0.00000000e+00   0.00000000e+00   -2.64268548e-02  0.00000000e+00  
 1          98         43.52284900      1          1          2          -0.00000000e+00  -5.28537096e-02  0.00000000e+00   0.00000000e+00   5.28537096e-02   0.00000000e+00   0.00000000e+00   0.00000000e+00  
 1          98         43.52284900      1          1          3          -0.00000000e+00  2.64268548e-02   0.00000000e+00   0.00000000e+00   0.00000000e+00   0.00000000e+00   -2.64268548e-02  0.00000000e+00  
 1          99         45.69899145      1          1          1          -0.00000000e+00  2.70662173e-02   0.00000000e+00   0.00000000e+00   0.00000000e+00   0.00000000e+00   -2.70662173e-02  0.00000000e+00  
 1          99         45.69899145      1          1          2          -0.00000000e+00  -5.41324346e-02  0.00000000e+00   0.00000000e+00   5.41324346e-02   0.00000000e+00   0.00000000e+00   0.00000000e+00  
 1          99         45.69899145      1          1          3          -0.00000000e+00  2.70662173e-02   0.00000000e+00   0.00000000e+00   0.00000000e+00   0.00000000e+00   -2.70662173e-02  0.00000000e+00  
 1          100        47.98394102      1          1          1          -0.00000000e+00  2.77216567e-02   0.00000000e+00   0.00000000e+00   0.00000000e+00   0.00000000e+00   -2.77216567e-02  0.00000000e+00  
 1          100        47.98394102      1          1          2          -0.00000000e+00  -5.54433134e-02  0.00000000e+00   0.00000000e+00   5.54433134e-02   0.00000000e+00   0.00000000e+00   0.00000000e+00  
 1          100        47.98394102      1          1          3          -0.00000000e+00  2.77216567e-02   0.00000000e+00   0.00000000e+00   0.00000000e+00   0.00000000e+00   -2.77216567e-02  0.00000000e+00  
