 IPER  ISTEP           TLEN           ILYR    IROW   ICOL            XCORD               YCORD                HEAD
 1          1          0.38313807       1          1          1          0.50000000       -0.50000000      0.00000000          
 1          1          0.38313807       1          1          2          1.50000000       -0.50000000      0.00000000          
 1          1          0.38313807       1          1          3          2.50000000       -0.50000000      0.00000000          
 1          2          0.78543304       1          1          1          0.50000000       -0.50000000      0.00000000          
 1          2          0.78543304       1          1          2          1.50000000       -0.50000000      0.00000000          
 1          2          0.78543304       1          1          3          2.50000000       -0.50000000      0.00000000          
 1          3          1.20784276       1          1          1          0.50000000       -0.50000000      0.00000000          
 1          3          1.20784276       1          1          2          1.50000000       -0.50000000      0.00000000          
 1          3          1.20784276       1          1          3          2.50000000       -0.50000000      0.00000000          
 1          4          1.65137297       1          1          1          0.50000000       -0.50000000      0.00000000          
 1          4          1.65137297       1          1          2          1.50000000       -0.50000000      0.00000000          
 1          4          1.65137297       1          1          3          2.50000000       -0.50000000      0.00000000          
 1          5          2.11707969       1          1          1          0.50000000       -0.50000000      0.00000000          
 1          5          2.11707969       1          1          2          1.50000000       -0.50000000      0.00000000          
 1          5          2.11707969       1          1          3          2.50000000       -0.50000000      0.00000000          
 1          6          2.60607174       1          1          1          0.50000000       -0.50000000      0.00000000          
 1          6          2.60607174       1          1          2          1.50000000       -0.50000000      0.00000000          
 1          6          2.60607174       1          1          3          2.50000000       -0.50000000      0.00000000          
 1          7          3.11951340       1          1          1          0.50000000       -0.50000000      0.00000000          
 1          7          3.11951340       1          1          2          1.50000000       -0.50000000      0.00000000          
 1          7          3.11951340       1          1          3          2.50000000       -0.50000000      0.00000000          
 1          8          3.65862714       1          1          1          0.50000000       -0.50000000      0.00000000          
 1          8          3.65862714       1          1          2          1.50000000       -0.50000000      0.00000000          
 1          8          3.65862714       1          1          3          2.50000000       -0.50000000      0.00000000          
 1          9          4.22469657       1          1          1          0.50000000       -0.50000000      0.00000000          
 1          9          4.22469657       1          1          2          1.50000000       -0.50000000      0.00000000          
 1          9          4.22469657       1          1          3          2.50000000       -0.50000000      0.00000000          
 1          10         4.81906946       1          1          1          0.50000000       -0.50000000      0.00000000          
 1          10         4.81906946       1          1          2          1.50000000       -0.50000000      0.00000000          
 1          10         4.81906946       1          1          3          2.50000000       -0.50000000      0.00000000          
 1          11         5.44316101       1          1          1          0.50000000       -0.50000000      0.00000000          
 1          11         5.44316101       1          1          2          1.50000000       -0.50000000      0.00000000          
 1          11         5.44316101       1          1          3          2.50000000       -0.50000000      0.00000000          
 1          12         6.09845713       1          1          1          0.50000000       -0.50000000      0.00000000          
 1          12         6.09845713       1          1          2          1.50000000       -0.50000000      0.00000000          
 1          12         6.09845713       1          1          3          2.50000000       -0.50000000      0.00000000          
 1          13         6.78651805       1          1          1          0.50000000       -0.50000000      0.00000000          
 1          13         6.78651805       1          1          2          1.50000000       -0.50000000      0.00000000          
 1          13         6.78651805       1          1          3          2.50000000       -0.50000000      0.00000000          
 1          14         7.50898203       1          1          1          0.50000000       -0.50000000      0.00000000          
 1          14         7.50898203       1          1          2          1.50000000       -0.50000000      0.00000000          
 1          14         7.50898203       1          1          3          2.50000000       -0.50000000      0.00000000          
 1          15         8.26756920       1          1          1          0.50000000       -0.50000000      0.00000000          
 1          15         8.26756920       1          1          2          1.50000000       -0.50000000      0.00000000          
 1          15         8.26756920       1          1          3          2.50000000       -0.50000000      0.00000000          
 1          16         9.06408573       1          1          1          0.50000000       -0.50000000      0.00000000          
 1          16         9.06408573       1          1          2          1.50000000       -0.50000000      0.00000000          
 1          16         9.06408573       1          1          3          2.50000000       -0.50000000      0.00000000          
 1          17         9.90042808       1          1          1          0.50000000       -0.50000000      0.00000000          
 1          17         9.90042808       1          1          2          1.50000000       -0.50000000      0.00000000          
 1          17         9.90042808       1          1          3          2.50000000       -0.50000000      0.00000000          
 1          18         10.77858755      1          1          1          0.50000000       -0.50000000      0.00000000          
 1          18         10.77858755      1          1          2          1.50000000       -0.50000000      0.00000000          
 1          18         10.77858755      1          1          3          2.50000000       -0.50000000      0.00000000          
 1          19         11.70065500      1          1          1          0.50000000       -0.50000000      0.00000000          
 1          19         11.70065500      1          1          2          1.50000000       -0.50000000      0.00000000          
 1          19         11.70065500      1          1          3          2.50000000       -0.50000000      0.00000000          
 1          20         12.66882582      1          1          1          0.50000000       -0.50000000      0.00000000          
 1          20         12.66882582      1          1          2          1.50000000       -0.50000000      0.00000000          
 1          20         12.66882582      1          1          3          2.50000000       -0.50000000      0.00000000          
 1          21         13.68540518      1          1          1          0.50000000       -0.50000000      0.00000000          
 1          21         13.68540518      1          1          2          1.50000000       -0.50000000      0.00000000          
 1          21         13.68540518      1          1          3          2.50000000       -0.50000000      0.00000000          
 1          22         14.75281351      1          1          1          0.50000000       -0.50000000      0.00000000          
 1          22         14.75281351      1          1          2          1.50000000       -0.50000000      0.00000000          
 1          22         14.75281351      1          1          3          2.50000000       -0.50000000      0.00000000          
 1          23         15.87359226      1          1          1          0.50000000       -0.50000000      0.00000000          
 1          23         15.87359226      1          1          2          1.50000000       -0.50000000      0.00000000          
 1          23         15.87359226      1          1          3          2.50000000       -0.50000000      0.00000000          
 1          24         17.05040994      1          1          1          0.50000000       -0.50000000      0.00000000          
 1          24         17.05040994      1          1          2          1.50000000       -0.50000000      0.00000000          
 1          24         17.05040994      1          1          3          2.50000000       -0.50000000      0.00000000          
 1          25         18.28606850      1          1          1          0.50000000       -0.50000000      0.00000000          
 1          25         18.28606850      1          1          2          1.50000000       -0.50000000      0.00000000          
 1          25         18.28606850      1          1          3          2.50000000       -0.50000000      0.00000000          
 1          26         19.58351000      1          1          1          0.50000000       -0.50000000      0.00000000          
 1          26         19.58351000      1          1          2          1.50000000       -0.50000000      0.00000000          
 1          26         19.58351000      1          1          3          2.50000000       -0.50000000      0.00000000          
 1          27         20.94582357      1          1          1          0.50000000       -0.50000000      0.00000000          
 1          27         20.94582357      1          1          2          1.50000000       -0.50000000      0.00000000          
 1          27         20.94582357      1          1          3          2.50000000       -0.50000000      0.00000000          
 1          28         22.37625282      1          1          1          0.50000000       -0.50000000      0.00000000          
 1          28         22.37625282      1          1          2          1.50000000       -0.50000000      0.00000000          
 1          28         22.37625282      1          1          3          2.50000000       -0.50000000      0.00000000          
 1          29         23.87820353      1          1          1          0.50000000       -0.50000000      0.00000000          
 1          29         23.87820353      1          1          2          1.50000000       -0.50000000      0.00000000          
 1          29         23.87820353      1          1          3          2.50000000       -0.50000000      0.00000000          
 1          30         25.45525177      1          1          1          0.50000000       -0.50000000      0.00000000          
 1          30         25.45525177      1          1          2          1.50000000       -0.50000000      0.00000000          
 1          30         25.45525177      1          1          3          2.50000000       -0.50000000      0.00000000          
 1          31         27.11115243      1          1          1          0.50000000       -0.50000000      0.00000000          
 1          31         27.11115243      1          1          2          1.50000000       -0.50000000      0.00000000          
 1          31         27.11115243      1          1          3          2.50000000       -0.50000000      0.00000000          
 1          32         28.84984812      1          1          1          0.50000000       -0.50000000      0.00000000          
 1          32         28.84984812      1          1          2          1.50000000       -0.50000000      0.00000000          
 1          32         28.84984812      1          1          3          2.50000000       -0.50000000      0.00000000          
 1          33         30.67547860      1          1          1          0.50000000       -0.50000000      0.00000000          
 1          33         30.67547860      1          1          2          1.50000000       -0.50000000      0.00000000          
 1          33         30.67547860      1          1          3          2.50000000       -0.50000000      0.00000000          
 1          34         32.59239060      1          1          1          0.50000000       -0.50000000      0.00000000          
 1          34         32.59239060      1          1          2          1.50000000       -0.50000000      0.00000000          
 1          34         32.59239060      1          1          3          2.50000000       -0.50000000      0.00000000          
 1          35         34.60514820      1          1          1          0.50000000       -0.50000000      0.00000000          
 1          35         34.60514820      1          1          2          1.50000000       -0.50000000      0.00000000          
 1          35         34.60514820      1          1          3          2.50000000       -0.50000000      0.00000000          
 1          36         36.71854368      1          1          1          0.50000000       -0.50000000      0.00000000          
 1          36         36.71854368      1          1          2          1.50000000       -0.50000000      0.00000000          
 1          36         36.71854368      1          1          3          2.50000000       -0.50000000      0.00000000          
 1          37         38.93760893      1          1          1          0.50000000       -0.50000000      0.00000000          
 1          37         38.93760893      1          1          2          1.50000000       -0.50000000      0.00000000          
 1          37         38.93760893      1          1          3          2.50000000       -0.50000000      0.00000000          
 1          38         41.26762745      1          1          1          0.50000000       -0.50000000      0.00000000          
 1          38         41.26762745      1          1          2          1.50000000       -0.50000000      0.00000000          
 1          38         41.26762745      1          1          3          2.50000000       -0.50000000      0.00000000          
 1          39         43.71414689      1          1          1          0.50000000       -0.50000000      0.00000000          
 1          39         43.71414689      1          1          2          1.50000000       -0.50000000      0.00000000          
 1          39         43.71414689      1          1          3          2.50000000       -0.50000000      0.00000000          
 1          40         46.28299230      1          1          1          0.50000000       -0.50000000      0.00000000          
 1          40         46.28299230      1          1          2          1.50000000       -0.50000000      0.00000000          
 1          40         46.28299230      1          1          3          2.50000000       -0.50000000      0.00000000          
 1          41         48.98027999      1          1          1          0.50000000       -0.50000000      0.00000000          
 1          41         48.98027999      1          1          2          1.50000000       -0.50000000      0.00000000          
 1          41         48.98027999      1          1          3          2.50000000       -0.50000000      0.00000000          
 1          42         51.81243205      1          1          1          0.50000000       -0.50000000      0.00000000          
 1          42         51.81243205      1          1          2          1.50000000       -0.50000000      0.00000000          
 1          42         51.81243205      1          1          3          2.50000000       -0.50000000      0.00000000          
 1          43         54.78619173      1          1          1          0.50000000       -0.50000000      0.00000000          
 1          43         54.78619173      1          1          2          1.50000000       -0.50000000      0.00000000          
 1          43         54.78619173      1          1          3          2.50000000       -0.50000000      0.00000000          
 1          44         57.90863938      1          1          1          0.50000000       -0.50000000      0.00000000          
 1          44         57.90863938      1          1          2          1.50000000       -0.50000000      0.00000000          
 1          44         57.90863938      1          1          3          2.50000000       -0.50000000      0.00000000          
 1          45         61.18720942      1          1          1          0.50000000       -0.50000000      0.00000000          
 1          45         61.18720942      1          1          2          1.50000000       -0.50000000      0.00000000          
 1          45         61.18720942      1          1          3          2.50000000       -0.50000000      0.00000000          
 1          46         64.62970796      1          1          1          0.50000000       -0.50000000      0.00000000          
 1          46         64.62970796      1          1          2          1.50000000       -0.50000000      0.00000000          
 1          46         64.62970796      1          1          3          2.50000000       -0.50000000      0.00000000          
 1          47         68.24433143      1          1          1          0.50000000       -0.50000000      0.00000000          
 1          47         68.24433143      1          1          2          1.50000000       -0.50000000      0.00000000          
 1          47         68.24433143      1          1          3          2.50000000       -0.50000000      0.00000000          
 1          48         72.03968607      1          1          1          0.50000000       -0.50000000      0.00000000          
 1          48         72.03968607      1          1          2          1.50000000       -0.50000000      0.00000000          
 1          48         72.03968607      1          1          3          2.50000000       -0.50000000      0.00000000          
 1          49         76.02480844      1          1          1          0.50000000       -0.50000000      0.00000000          
 1          49         76.02480844      1          1          2          1.50000000       -0.50000000      0.00000000          
 1          49         76.02480844      1          1          3          2.50000000       -0.50000000      0.00000000          
 1          50         80.20918693      1          1          1          0.50000000       -0.50000000      0.00000000          
 1          50         80.20918693      1          1          2          1.50000000       -0.50000000      0.00000000          
 1          50         80.20918693      1          1          3          2.50000000       -0.50000000      0.00000000          
 1          51         84.60278435      1          1          1          0.50000000       -0.50000000      0.00000000          
 1          51         84.60278435      1          1          2          1.50000000       -0.50000000      0.00000000          
 1          51         84.60278435      1          1          3          2.50000000       -0.50000000      0.00000000          
 1          52         89.21606164      1          1          1          0.50000000       -0.50000000      0.00000000          
 1          52         89.21606164      1          1          2          1.50000000       -0.50000000      0.00000000          
 1          52         89.21606164      1          1          3          2.50000000       -0.50000000      0.00000000          
 1          53         94.06000279      1          1          1          0.50000000       -0.50000000      0.00000000          
 1          53         94.06000279      1          1          2          1.50000000       -0.50000000      0.00000000          
 1          53         94.06000279      1          1          3          2.50000000       -0.50000000      0.00000000          
 1          54         99.14614100      1          1          1          0.50000000       -0.50000000      0.00000000          
 1          54         99.14614100      1          1          2          1.50000000       -0.50000000      0.00000000          
 1          54         99.14614100      1          1          3          2.50000000       -0.50000000      0.00000000          
 1          55         104.48658612     1          1          1          0.50000000       -0.50000000      0.00000000          
 1          55         104.48658612     1          1          2          1.50000000       -0.50000000      0.00000000          
 1          55         104.48658612     1          1          3          2.50000000       -0.50000000      0.00000000          
 1          56         110.09405349     1          1          1          0.50000000       -0.50000000      0.00000000          
 1          56         110.09405349     1          1          2          1.50000000       -0.50000000      0.00000000          
 1          56         110.09405349     1          1          3          2.50000000       -0.50000000      0.00000000          
 1          57         115.98189424     1          1          1          0.50000000       -0.50000000      0.00000000          
 1          57         115.98189424     1          1          2          1.50000000       -0.50000000      0.00000000          
 1          57         115.98189424     1          1          3          2.50000000       -0.50000000      0.00000000          
 1          58         122.16412702     1          1          1          0.50000000       -0.50000000      0.00000000          
 1          58         122.16412702     1          1          2          1.50000000       -0.50000000      0.00000000          
 1          58         122.16412702     1          1          3          2.50000000       -0.50000000      0.00000000          
 1          59         128.65547144     1          1          1          0.50000000       -0.50000000      0.00000000          
 1          59         128.65547144     1          1          2          1.50000000       -0.50000000      0.00000000          
 1          59         128.65547144     1          1          3          2.50000000       -0.50000000      0.00000000          
 1          60         135.47138308     1          1          1          0.50000000       -0.50000000      0.00000000          
 1          60         135.47138308     1          1          2          1.50000000       -0.50000000      0.00000000          
 1          60         135.47138308     1          1          3          2.50000000       -0.50000000      0.00000000          
 1          61         142.62809030     1          1          1          0.50000000       -0.50000000      0.00000000          
 1          61         142.62809030     1          1          2          1.50000000       -0.50000000      0.00000000          
 1          61         142.62809030     1          1          3          2.50000000       -0.50000000      0.00000000          
 1          62         150.14263289     1          1          1          0.50000000       -0.50000000      0.00000000          
 1          62         150.14263289     1          1          2          1.50000000       -0.50000000      0.00000000          
 1          62         150.14263289     1          1          3          2.50000000       -0.50000000      0.00000000          
 1          63         158.03290260     1          1          1          0.50000000       -0.50000000      0.00000000          
 1          63         158.03290260     1          1          2          1.50000000       -0.50000000      0.00000000          
 1          63         158.03290260     1          1          3          2.50000000       -0.50000000      0.00000000          
 1          64         166.31768580     1          1          1          0.50000000       -0.50000000      0.00000000          
 1          64         166.31768580     1          1          2          1.50000000       -0.50000000      0.00000000          
 1          64         166.31768580     1          1          3          2.50000000       -0.50000000      0.00000000          
 1          65         175.01670816     1          1          1          0.50000000       -0.50000000      0.00000000          
 1          65         175.01670816     1          1          2          1.50000000       -0.50000000      0.00000000          
 1          65         175.01670816     1          1          3          2.50000000       -0.50000000      0.00000000          
 1          66         184.15068164     1          1          1          0.50000000       -0.50000000      0.00000000          
 1          66         184.15068164     1          1          2          1.50000000       -0.50000000      0.00000000          
 1          66         184.15068164     1          1          3          2.50000000       -0.50000000      0.00000000          
 1          67         193.74135379     1          1          1          0.50000000       -0.50000000      0.00000000          
 1          67         193.74135379     1          1          2          1.50000000       -0.50000000      0.00000000          
 1          67         193.74135379     1          1          3          2.50000000       -0.50000000      0.00000000          
 1          68         203.81155955     1          1          1          0.50000000       -0.50000000      0.00000000          
 1          68         203.81155955     1          1          2          1.50000000       -0.50000000      0.00000000          
 1          68         203.81155955     1          1          3          2.50000000       -0.50000000      0.00000000          
 1          69         214.38527560     1          1          1          0.50000000       -0.50000000      0.00000000          
 1          69         214.38527560     1          1          2          1.50000000       -0.50000000      0.00000000          
 1          69         214.38527560     1          1          3          2.50000000       -0.50000000      0.00000000          
 1          70         225.48767745     1          1          1          0.50000000       -0.50000000      0.00000000          
 1          70         225.48767745     1          1          2          1.50000000       -0.50000000      0.00000000          
 1          70         225.48767745     1          1          3          2.50000000       -0.50000000      0.00000000          
 1          71         237.14519939     1          1          1          0.50000000       -0.50000000      0.00000000          
 1          71         237.14519939     1          1          2          1.50000000       -0.50000000      0.00000000          
 1          71         237.14519939     1          1          3          2.50000000       -0.50000000      0.00000000          
 1          72         249.38559743     1          1          1          0.50000000       -0.50000000      0.00000000          
 1          72         249.38559743     1          1          2          1.50000000       -0.50000000      0.00000000          
 1          72         249.38559743     1          1          3          2.50000000       -0.50000000      0.00000000          
 1          73         262.23801537     1          1          1          0.50000000       -0.50000000      0.00000000          
 1          73         262.23801537     1          1          2          1.50000000       -0.50000000      0.00000000          
 1          73         262.23801537     1          1          3          2.50000000       -0.50000000      0.00000000          
 1          74         275.73305421     1          1          1          0.50000000       -0.50000000      0.00000000          
 1          74         275.73305421     1          1          2          1.50000000       -0.50000000      0.00000000          
 1          74         275.73305421     1          1          3          2.50000000       -0.50000000      0.00000000          
 1          75         289.90284498     1          1          1          0.50000000       -0.50000000      0.00000000          
 1          75         289.90284498     1          1          2          1.50000000       -0.50000000      0.00000000          
 1          75         289.90284498     1          1          3          2.50000000       -0.50000000      0.00000000          
 1          76         304.78112530     1          1          1          0.50000000       -0.50000000      0.00000000          
 1          76         304.78112530     1          1          2          1.50000000       -0.50000000      0.00000000          
 1          76         304.78112530     1          1          3          2.50000000       -0.50000000      0.00000000          
 1          77         320.40331964     1          1          1          0.50000000       -0.50000000      0.00000000          
 1          77         320.40331964     1          1          2          1.50000000       -0.50000000      0.00000000          
 1          77         320.40331964     1          1          3          2.50000000       -0.50000000      0.00000000          
 1          78         336.80662369     1          1          1          0.50000000       -0.50000000      0.00000000          
 1          78         336.80662369     1          1          2          1.50000000       -0.50000000      0.00000000          
 1          78         336.80662369     1          1          3          2.50000000       -0.50000000      0.00000000          
 1          79         354.03009294     1          1          1          0.50000000       -0.50000000      0.00000000          
 1          79         354.03009294     1          1          2          1.50000000       -0.50000000      0.00000000          
 1          79         354.03009294     1          1          3          2.50000000       -0.50000000      0.00000000          
 1          80         372.11473566     1          1          1          0.50000000       -0.50000000      0.00000000          
 1          80         372.11473566     1          1          2          1.50000000       -0.50000000      0.00000000          
 1          80         372.11473566     1          1          3          2.50000000       -0.50000000      0.00000000          
 1          81         391.10361051     1          1          1          0.50000000       -0.50000000      0.00000000          
 1          81         391.10361051     1          1          2          1.50000000       -0.50000000      0.00000000          
 1          81         391.10361051     1          1          3          2.50000000       -0.50000000      0.00000000          
 1          82         411.04192911     1          1          1          0.50000000       -0.50000000      0.00000000          
 1          82         411.04192911     1          1          2          1.50000000       -0.50000000      0.00000000          
 1          82         411.04192911     1          1          3          2.50000000       -0.50000000      0.00000000          
 1          83         431.97716363     1          1          1          0.50000000       -0.50000000      0.00000000          
 1          83         431.97716363     1          1          2          1.50000000       -0.50000000      0.00000000          
 1          83         431.97716363     1          1          3          2.50000000       -0.50000000      0.00000000          
 1          84         453.95915988     1          1          1          0.50000000       -0.50000000      0.00000000          
 1          84         453.95915988     1          1          2          1.50000000       -0.50000000      0.00000000          
 1          84         453.95915988     1          1          3          2.50000000       -0.50000000      0.00000000          
 1          85         477.04025595     1          1          1          0.50000000       -0.50000000      0.00000000          
 1          85         477.04025595     1          1          2          1.50000000       -0.50000000      0.00000000          
 1          85         477.04025595     1          1          3          2.50000000       -0.50000000      0.00000000          
 1          86         501.27540681     1          1          1          0.50000000       -0.50000000      0.00000000          
 1          86         501.27540681     1          1          2          1.50000000       -0.50000000      0.00000000          
 1          86         501.27540681     1          1          3          2.50000000       -0.50000000      0.00000000          
 1          87         526.72231523     1          1          1          0.50000000       -0.50000000      0.00000000          
 1          87         526.72231523     1          1          2          1.50000000       -0.50000000      0.00000000          
 1          87         526.72231523     1          1          3          2.50000000       -0.50000000      0.00000000          
 1          88         553.44156906     1          1          1          0.50000000       -0.50000000      0.00000000          
 1          88         553.44156906     1          1          2          1.50000000       -0.50000000      0.00000000          
 1          88         553.44156906     1          1          3          2.50000000       -0.50000000      0.00000000          
 1          89         581.49678558     1          1          1          0.50000000       -0.50000000      0.00000000          
 1          89         581.49678558     1          1          2          1.50000000       -0.50000000      0.00000000          
 1          89         581.49678558     1          1          3          2.50000000       -0.50000000      0.00000000          
 1          90         610.95476293     1          1          1          0.50000000       -0.50000000      0.00000000          
 1          90         610.95476293     1          1          2          1.50000000       -0.50000000      0.00000000          
 1          90         610.95476293     1          1          3          2.50000000       -0.50000000      0.00000000          
 1          91         641.88563914     1          1          1          0.50000000       -0.50000000      0.00000000          
 1          91         641.88563914     1          1          2          1.50000000       -0.50000000      0.00000000          
 1          91         641.88563914     1          1          3          2.50000000       -0.50000000      0.00000000          
 1          92         674.36305917     1          1          1          0.50000000       -0.50000000      0.00000000          
 1          92         674.36305917     1          1          2          1.50000000       -0.50000000      0.00000000          
 1          92         674.36305917     1          1          3          2.50000000       -0.50000000      0.00000000          
 1          93         708.46435020     1          1          1          0.50000000       -0.50000000      0.00000000          
 1          93         708.46435020     1          1          2          1.50000000       -0.50000000      0.00000000          
 1          93         708.46435020     1          1          3          2.50000000       -0.50000000      0.00000000          
 1          94         744.27070578     1          1          1          0.50000000       -0.50000000      0.00000000          
 1          94         744.27070578     1          1          2          1.50000000       -0.50000000      0.00000000          
 1          94         744.27070578     1          1          3          2.50000000       -0.50000000      0.00000000          
 1          95         781.86737913     1          1          1          0.50000000       -0.50000000      0.00000000          
 1          95         781.86737913     1          1          2          1.50000000       -0.50000000      0.00000000          
 1          95         781.86737913     1          1          3          2.50000000       -0.50000000      0.00000000          
 1          96         821.34388616     1          1          1          0.50000000       -0.50000000      0.00000000          
 1          96         821.34388616     1          1          2          1.50000000       -0.50000000      0.00000000          
 1          96         821.34388616     1          1          3          2.50000000       -0.50000000      0.00000000          
 1          97         862.79421854     1          1          1          0.50000000       -0.50000000      0.00000000          
 1          97         862.79421854     1          1          2          1.50000000       -0.50000000      0.00000000          
 1          97         862.79421854     1          1          3          2.50000000       -0.50000000      0.00000000          
 1          98         906.31706754     1          1          1          0.50000000       -0.50000000      0.00000000          
 1          98         906.31706754     1          1          2          1.50000000       -0.50000000      0.00000000          
 1          98         906.31706754     1          1          3          2.50000000       -0.50000000      0.00000000          
 1          99         952.01605898     1          1          1          0.50000000       -0.50000000      0.00000000          
 1          99         952.01605898     1          1          2          1.50000000       -0.50000000      0.00000000          
 1          99         952.01605898     1          1          3          2.50000000       -0.50000000      0.00000000          
 1          100        1000.00000000    1          1          1          0.50000000       -0.50000000      0.00000000          
 1          100        1000.00000000    1          1          2          1.50000000       -0.50000000      0.00000000          
 1          100        1000.00000000    1          1          3          2.50000000       -0.50000000      0.00000000          
