 IPER  ISTEP  TLEN  ILYR  IROW  ICOL  DISP  COM  TOTGL  EST
 1          1          0.38313807       1          1          1          0                0                2000             1000            
 1          1          0.38313807       1          1          2          0.041461903      0.041461903      2000             1000            
 1          1          0.38313807       1          1          3          0                0                2000             1000            
 1          2          0.78543304       1          1          1          0                0                2000             1000            
 1          2          0.78543304       1          1          2          0.06409614       0.06409614       2000             1000            
 1          2          0.78543304       1          1          3          0                0                2000             1000            
 1          3          1.2078428        1          1          1          0                0                2000             1000            
 1          3          1.2078428        1          1          2          0.082009788      0.082009788      2000             1000            
 1          3          1.2078428        1          1          3          0                0                2000             1000            
 1          4          1.651373         1          1          1          0                0                2000             1000            
 1          4          1.651373         1          1          2          0.097575236      0.097575236      2000             1000            
 1          4          1.651373         1          1          3          0                0                2000             1000            
 1          5          2.1170797        1          1          1          0                0                2000             1000            
 1          5          2.1170797        1          1          2          0.11172252       0.11172252       2000             1000            
 1          5          2.1170797        1          1          3          0                0                2000             1000            
 1          6          2.6060717        1          1          1          0                0                2000             1000            
 1          6          2.6060717        1          1          2          0.12493003       0.12493003       2000             1000            
 1          6          2.6060717        1          1          3          0                0                2000             1000            
 1          7          3.1195134        1          1          1          0                0                2000             1000            
 1          7          3.1195134        1          1          2          0.13748105       0.13748105       2000             1000            
 1          7          3.1195134        1          1          3          0                0                2000             1000            
 1          8          3.6586271        1          1          1          0                0                2000             1000            
 1          8          3.6586271        1          1          2          0.14955936       0.14955936       2000             1000            
 1          8          3.6586271        1          1          3          0                0                2000             1000            
 1          9          4.2246966        1          1          1          0                0                2000             1000            
 1          9          4.2246966        1          1          2          0.16129226       0.16129226       2000             1000            
 1          9          4.2246966        1          1          3          0                0                2000             1000            
 1          10         4.8190695        1          1          1          0                0                2000             1000            
 1          10         4.8190695        1          1          2          0.17277238       0.17277238       2000             1000            
 1          10         4.8190695        1          1          3          0                0                2000             1000            
 1          11         5.443161         1          1          1          0                0                2000             1000            
 1          11         5.443161         1          1          2          0.18406982       0.18406982       2000             1000            
 1          11         5.443161         1          1          3          0                0                2000             1000            
 1          12         6.0984571        1          1          1          0                0                2000             1000            
 1          12         6.0984571        1          1          2          0.1952393        0.1952393        2000             1000            
 1          12         6.0984571        1          1          3          0                0                2000             1000            
 1          13         6.7865181        1          1          1          0                0                2000             1000            
 1          13         6.7865181        1          1          2          0.2063247        0.2063247        2000             1000            
 1          13         6.7865181        1          1          3          0                0                2000             1000            
 1          14         7.508982         1          1          1          0                0                2000             1000            
 1          14         7.508982         1          1          2          0.21736196       0.21736196       2000             1000            
 1          14         7.508982         1          1          3          0                0                2000             1000            
 1          15         8.2675692        1          1          1          0                0                2000             1000            
 1          15         8.2675692        1          1          2          0.22838106       0.22838106       2000             1000            
 1          15         8.2675692        1          1          3          0                0                2000             1000            
 1          16         9.0640857        1          1          1          0                0                2000             1000            
 1          16         9.0640857        1          1          2          0.23940745       0.23940745       2000             1000            
 1          16         9.0640857        1          1          3          0                0                2000             1000            
 1          17         9.9004281        1          1          1          0                0                2000             1000            
 1          17         9.9004281        1          1          2          0.25046299       0.25046299       2000             1000            
 1          17         9.9004281        1          1          3          0                0                2000             1000            
 1          18         10.778588        1          1          1          0                0                2000             1000            
 1          18         10.778588        1          1          2          0.26156673       0.26156673       2000             1000            
 1          18         10.778588        1          1          3          0                0                2000             1000            
 1          19         11.700655        1          1          1          0                0                2000             1000            
 1          19         11.700655        1          1          2          0.27273547       0.27273547       2000             1000            
 1          19         11.700655        1          1          3          0                0                2000             1000            
 1          20         12.668826        1          1          1          0                0                2000             1000            
 1          20         12.668826        1          1          2          0.28398411       0.28398411       2000             1000            
 1          20         12.668826        1          1          3          0                0                2000             1000            
 1          21         13.685405        1          1          1          0                0                2000             1000            
 1          21         13.685405        1          1          2          0.29532611       0.29532611       2000             1000            
 1          21         13.685405        1          1          3          0                0                2000             1000            
 1          22         14.752814        1          1          1          0                0                2000             1000            
 1          22         14.752814        1          1          2          0.30677366       0.30677366       2000             1000            
 1          22         14.752814        1          1          3          0                0                2000             1000            
 1          23         15.873592        1          1          1          0                0                2000             1000            
 1          23         15.873592        1          1          2          0.31833793       0.31833793       2000             1000            
 1          23         15.873592        1          1          3          0                0                2000             1000            
 1          24         17.05041         1          1          1          0                0                2000             1000            
 1          24         17.05041         1          1          2          0.33002923       0.33002923       2000             1000            
 1          24         17.05041         1          1          3          0                0                2000             1000            
 1          25         18.286069        1          1          1          0                0                2000             1000            
 1          25         18.286069        1          1          2          0.34185723       0.34185723       2000             1000            
 1          25         18.286069        1          1          3          0                0                2000             1000            
 1          26         19.58351         1          1          1          0                0                2000             1000            
 1          26         19.58351         1          1          2          0.35383104       0.35383104       2000             1000            
 1          26         19.58351         1          1          3          0                0                2000             1000            
 1          27         20.945824        1          1          1          0                0                2000             1000            
 1          27         20.945824        1          1          2          0.36595931       0.36595931       2000             1000            
 1          27         20.945824        1          1          3          0                0                2000             1000            
 1          28         22.376253        1          1          1          0                0                2000             1000            
 1          28         22.376253        1          1          2          0.37825039       0.37825039       2000             1000            
 1          28         22.376253        1          1          3          0                0                2000             1000            
 1          29         23.878204        1          1          1          0                0                2000             1000            
 1          29         23.878204        1          1          2          0.39071236       0.39071236       2000             1000            
 1          29         23.878204        1          1          3          0                0                2000             1000            
 1          30         25.455252        1          1          1          0                0                2000             1000            
 1          30         25.455252        1          1          2          0.40335306       0.40335306       2000             1000            
 1          30         25.455252        1          1          3          0                0                2000             1000            
 1          31         27.111152        1          1          1          0                0                2000             1000            
 1          31         27.111152        1          1          2          0.41618026       0.41618026       2000             1000            
 1          31         27.111152        1          1          3          0                0                2000             1000            
 1          32         28.849848        1          1          1          0                0                2000             1000            
 1          32         28.849848        1          1          2          0.42920164       0.42920164       2000             1000            
 1          32         28.849848        1          1          3          0                0                2000             1000            
 1          33         30.675479        1          1          1          0                0                2000             1000            
 1          33         30.675479        1          1          2          0.44242485       0.44242485       2000             1000            
 1          33         30.675479        1          1          3          0                0                2000             1000            
 1          34         32.592391        1          1          1          0                0                2000             1000            
 1          34         32.592391        1          1          2          0.45585755       0.45585755       2000             1000            
 1          34         32.592391        1          1          3          0                0                2000             1000            
 1          35         34.605148        1          1          1          0                0                2000             1000            
 1          35         34.605148        1          1          2          0.46950744       0.46950744       2000             1000            
 1          35         34.605148        1          1          3          0                0                2000             1000            
 1          36         36.718544        1          1          1          0                0                2000             1000            
 1          36         36.718544        1          1          2          0.4833823        0.4833823        2000             1000            
 1          36         36.718544        1          1          3          0                0                2000             1000            
 1          37         38.937609        1          1          1          0                0                2000             1000            
 1          37         38.937609        1          1          2          0.49749002       0.49749002       2000             1000            
 1          37         38.937609        1          1          3          0                0                2000             1000            
 1          38         41.267627        1          1          1          0                0                2000             1000            
 1          38         41.267627        1          1          2          0.51183858       0.51183858       2000             1000            
 1          38         41.267627        1          1          3          0                0                2000             1000            
 1          39         43.714147        1          1          1          0                0                2000             1000            
 1          39         43.714147        1          1          2          0.52643613       0.52643613       2000             1000            
 1          39         43.714147        1          1          3          0                0                2000             1000            
 1          40         46.282992        1          1          1          0                0                2000             1000            
 1          40         46.282992        1          1          2          0.54129094       0.54129094       2000             1000            
 1          40         46.282992        1          1          3          0                0                2000             1000            
 1          41         48.98028         1          1          1          0                0                2000             1000            
 1          41         48.98028         1          1          2          0.55641146       0.55641146       2000             1000            
 1          41         48.98028         1          1          3          0                0                2000             1000            
 1          42         51.812432        1          1          1          0                0                2000             1000            
 1          42         51.812432        1          1          2          0.57180631       0.57180631       2000             1000            
 1          42         51.812432        1          1          3          0                0                2000             1000            
 1          43         54.786192        1          1          1          0                0                2000             1000            
 1          43         54.786192        1          1          2          0.58748429       0.58748429       2000             1000            
 1          43         54.786192        1          1          3          0                0                2000             1000            
 1          44         57.908639        1          1          1          0                0                2000             1000            
 1          44         57.908639        1          1          2          0.6034544        0.6034544        2000             1000            
 1          44         57.908639        1          1          3          0                0                2000             1000            
 1          45         61.187209        1          1          1          0                0                2000             1000            
 1          45         61.187209        1          1          2          0.61972583       0.61972583       2000             1000            
 1          45         61.187209        1          1          3          0                0                2000             1000            
 1          46         64.629708        1          1          1          0                0                2000             1000            
 1          46         64.629708        1          1          2          0.63630797       0.63630797       2000             1000            
 1          46         64.629708        1          1          3          0                0                2000             1000            
 1          47         68.244331        1          1          1          0                0                2000             1000            
 1          47         68.244331        1          1          2          0.65321042       0.65321042       2000             1000            
 1          47         68.244331        1          1          3          0                0                2000             1000            
 1          48         72.039686        1          1          1          0                0                2000             1000            
 1          48         72.039686        1          1          2          0.670443         0.670443         2000             1000            
 1          48         72.039686        1          1          3          0                0                2000             1000            
 1          49         76.024808        1          1          1          0                0                2000             1000            
 1          49         76.024808        1          1          2          0.68801575       0.68801575       2000             1000            
 1          49         76.024808        1          1          3          0                0                2000             1000            
 1          50         80.209187        1          1          1          0                0                2000             1000            
 1          50         80.209187        1          1          2          0.70593893       0.70593893       2000             1000            
 1          50         80.209187        1          1          3          0                0                2000             1000            
 1          51         84.602784        1          1          1          0                0                2000             1000            
 1          51         84.602784        1          1          2          0.72422303       0.72422303       2000             1000            
 1          51         84.602784        1          1          3          0                0                2000             1000            
 1          52         89.216062        1          1          1          0                0                2000             1000            
 1          52         89.216062        1          1          2          0.74287877       0.74287877       2000             1000            
 1          52         89.216062        1          1          3          0                0                2000             1000            
 1          53         94.060003        1          1          1          0                0                2000             1000            
 1          53         94.060003        1          1          2          0.76191712       0.76191712       2000             1000            
 1          53         94.060003        1          1          3          0                0                2000             1000            
 1          54         99.146141        1          1          1          0                0                2000             1000            
 1          54         99.146141        1          1          2          0.78134929       0.78134929       2000             1000            
 1          54         99.146141        1          1          3          0                0                2000             1000            
 1          55         104.48659        1          1          1          0                0                2000             1000            
 1          55         104.48659        1          1          2          0.80118672       0.80118672       2000             1000            
 1          55         104.48659        1          1          3          0                0                2000             1000            
 1          56         110.09405        1          1          1          0                0                2000             1000            
 1          56         110.09405        1          1          2          0.82144113       0.82144113       2000             1000            
 1          56         110.09405        1          1          3          0                0                2000             1000            
 1          57         115.98189        1          1          1          0                0                2000             1000            
 1          57         115.98189        1          1          2          0.84212449       0.84212449       2000             1000            
 1          57         115.98189        1          1          3          0                0                2000             1000            
 1          58         122.16413        1          1          1          0                0                2000             1000            
 1          58         122.16413        1          1          2          0.86324903       0.86324903       2000             1000            
 1          58         122.16413        1          1          3          0                0                2000             1000            
 1          59         128.65547        1          1          1          0                0                2000             1000            
 1          59         128.65547        1          1          2          0.88482726       0.88482726       2000             1000            
 1          59         128.65547        1          1          3          0                0                2000             1000            
 1          60         135.47138        1          1          1          0                0                2000             1000            
 1          60         135.47138        1          1          2          0.90687196       0.90687196       2000             1000            
 1          60         135.47138        1          1          3          0                0                2000             1000            
 1          61         142.62809        1          1          1          0                0                2000             1000            
 1          61         142.62809        1          1          2          0.92939621       0.92939621       2000             1000            
 1          61         142.62809        1          1          3          0                0                2000             1000            
 1          62         150.14263        1          1          1          0                0                2000             1000            
 1          62         150.14263        1          1          2          0.95241336       0.95241336       2000             1000            
 1          62         150.14263        1          1          3          0                0                2000             1000            
 1          63         158.0329         1          1          1          0                0                2000             1000            
 1          63         158.0329         1          1          2          0.97593709       0.97593709       2000             1000            
 1          63         158.0329         1          1          3          0                0                2000             1000            
 1          64         166.31769        1          1          1          0                0                2000             1000            
 1          64         166.31769        1          1          2          0.99998134       0.99998134       2000             1000            
 1          64         166.31769        1          1          3          0                0                2000             1000            
 1          65         175.01671        1          1          1          0                0                2000             1000            
 1          65         175.01671        1          1          2          1.0245604        1.0245604        2000             1000            
 1          65         175.01671        1          1          3          0                0                2000             1000            
 1          66         184.15068        1          1          1          0                0                2000             1000            
 1          66         184.15068        1          1          2          1.0496889        1.0496889        2000             1000            
 1          66         184.15068        1          1          3          0                0                2000             1000            
 1          67         193.74135        1          1          1          0                0                2000             1000            
 1          67         193.74135        1          1          2          1.0753817        1.0753817        2000             1000            
 1          67         193.74135        1          1          3          0                0                2000             1000            
 1          68         203.81156        1          1          1          0                0                2000             1000            
 1          68         203.81156        1          1          2          1.1016542        1.1016542        2000             1000            
 1          68         203.81156        1          1          3          0                0                2000             1000            
 1          69         214.38528        1          1          1          0                0                2000             1000            
 1          69         214.38528        1          1          2          1.1285219        1.1285219        2000             1000            
 1          69         214.38528        1          1          3          0                0                2000             1000            
 1          70         225.48768        1          1          1          0                0                2000             1000            
 1          70         225.48768        1          1          2          1.1560007        1.1560007        2000             1000            
 1          70         225.48768        1          1          3          0                0                2000             1000            
 1          71         237.1452         1          1          1          0                0                2000             1000            
 1          71         237.1452         1          1          2          1.1841072        1.1841072        2000             1000            
 1          71         237.1452         1          1          3          0                0                2000             1000            
 1          72         249.3856         1          1          1          0                0                2000             1000            
 1          72         249.3856         1          1          2          1.2128578        1.2128578        2000             1000            
 1          72         249.3856         1          1          3          0                0                2000             1000            
 1          73         262.23802        1          1          1          0                0                2000             1000            
 1          73         262.23802        1          1          2          1.2422699        1.2422699        2000             1000            
 1          73         262.23802        1          1          3          0                0                2000             1000            
 1          74         275.73305        1          1          1          0                0                2000             1000            
 1          74         275.73305        1          1          2          1.2723607        1.2723607        2000             1000            
 1          74         275.73305        1          1          3          0                0                2000             1000            
 1          75         289.90284        1          1          1          0                0                2000             1000            
 1          75         289.90284        1          1          2          1.3031483        1.3031483        2000             1000            
 1          75         289.90284        1          1          3          0                0                2000             1000            
 1          76         304.78113        1          1          1          0                0                2000             1000            
 1          76         304.78113        1          1          2          1.3346509        1.3346509        2000             1000            
 1          76         304.78113        1          1          3          0                0                2000             1000            
 1          77         320.40332        1          1          1          0                0                2000             1000            
 1          77         320.40332        1          1          2          1.3668872        1.3668872        2000             1000            
 1          77         320.40332        1          1          3          0                0                2000             1000            
 1          78         336.80662        1          1          1          0                0                2000             1000            
 1          78         336.80662        1          1          2          1.3998765        1.3998765        2000             1000            
 1          78         336.80662        1          1          3          0                0                2000             1000            
 1          79         354.03009        1          1          1          0                0                2000             1000            
 1          79         354.03009        1          1          2          1.4336383        1.4336383        2000             1000            
 1          79         354.03009        1          1          3          0                0                2000             1000            
 1          80         372.11474        1          1          1          0                0                2000             1000            
 1          80         372.11474        1          1          2          1.4681928        1.4681928        2000             1000            
 1          80         372.11474        1          1          3          0                0                2000             1000            
 1          81         391.10361        1          1          1          0                0                2000             1000            
 1          81         391.10361        1          1          2          1.5035604        1.5035604        2000             1000            
 1          81         391.10361        1          1          3          0                0                2000             1000            
 1          82         411.04193        1          1          1          0                0                2000             1000            
 1          82         411.04193        1          1          2          1.5397621        1.5397621        2000             1000            
 1          82         411.04193        1          1          3          0                0                2000             1000            
 1          83         431.97716        1          1          1          0                0                2000             1000            
 1          83         431.97716        1          1          2          1.5768196        1.5768196        2000             1000            
 1          83         431.97716        1          1          3          0                0                2000             1000            
 1          84         453.95916        1          1          1          0                0                2000             1000            
 1          84         453.95916        1          1          2          1.6147548        1.6147548        2000             1000            
 1          84         453.95916        1          1          3          0                0                2000             1000            
 1          85         477.04026        1          1          1          0                0                2000             1000            
 1          85         477.04026        1          1          2          1.6535903        1.6535903        2000             1000            
 1          85         477.04026        1          1          3          0                0                2000             1000            
 1          86         501.27541        1          1          1          0                0                2000             1000            
 1          86         501.27541        1          1          2          1.6933491        1.6933491        2000             1000            
 1          86         501.27541        1          1          3          0                0                2000             1000            
 1          87         526.72232        1          1          1          0                0                2000             1000            
 1          87         526.72232        1          1          2          1.734055         1.734055         2000             1000            
 1          87         526.72232        1          1          3          0                0                2000             1000            
 1          88         553.44157        1          1          1          0                0                2000             1000            
 1          88         553.44157        1          1          2          1.775732         1.775732         2000             1000            
 1          88         553.44157        1          1          3          0                0                2000             1000            
 1          89         581.49679        1          1          1          0                0                2000             1000            
 1          89         581.49679        1          1          2          1.8184049        1.8184049        2000             1000            
 1          89         581.49679        1          1          3          0                0                2000             1000            
 1          90         610.95476        1          1          1          0                0                2000             1000            
 1          90         610.95476        1          1          2          1.8620992        1.8620992        2000             1000            
 1          90         610.95476        1          1          3          0                0                2000             1000            
 1          91         641.88564        1          1          1          0                0                2000             1000            
 1          91         641.88564        1          1          2          1.9068408        1.9068408        2000             1000            
 1          91         641.88564        1          1          3          0                0                2000             1000            
 1          92         674.36306        1          1          1          0                0                2000             1000            
 1          92         674.36306        1          1          2          1.9526562        1.9526562        2000             1000            
 1          92         674.36306        1          1          3          0                0                2000             1000            
 1          93         708.46435        1          1          1          0                0                2000             1000            
 1          93         708.46435        1          1          2          1.9995727        1.9995727        2000             1000            
 1          93         708.46435        1          1          3          0                0                2000             1000            
 1          94         744.27071        1          1          1          0                0                2000             1000            
 1          94         744.27071        1          1          2          2.0476182        2.0476182        2000             1000            
 1          94         744.27071        1          1          3          0                0                2000             1000            
 1          95         781.86738        1          1          1          0                0                2000             1000            
 1          95         781.86738        1          1          2          2.0968211        2.0968211        2000             1000            
 1          95         781.86738        1          1          3          0                0                2000             1000            
 1          96         821.34389        1          1          1          0                0                2000             1000            
 1          96         821.34389        1          1          2          2.1472108        2.1472108        2000             1000            
 1          96         821.34389        1          1          3          0                0                2000             1000            
 1          97         862.79422        1          1          1          0                0                2000             1000            
 1          97         862.79422        1          1          2          2.1988172        2.1988172        2000             1000            
 1          97         862.79422        1          1          3          0                0                2000             1000            
 1          98         906.31707        1          1          1          0                0                2000             1000            
 1          98         906.31707        1          1          2          2.2516709        2.2516709        2000             1000            
 1          98         906.31707        1          1          3          0                0                2000             1000            
 1          99         952.01606        1          1          1          0                0                2000             1000            
 1          99         952.01606        1          1          2          2.3058034        2.3058034        2000             1000            
 1          99         952.01606        1          1          3          0                0                2000             1000            
 1          100        1000             1          1          1          0                0                2000             1000            
 1          100        1000             1          1          2          2.3612467        2.3612467        2000             1000            
 1          100        1000             1          1          3          0                0                2000             1000            
