 IPER  ISTEP           DLEN           ILYR    IROW   ICOL                     STA                     FBC                     CST                     IBE                     IBV                     WST                     CNH                     ABER
 1          1          0.38313807       1          1          1          -0.00000000e+00  2.06516061e-02   0.00000000e+00   0.00000000e+00   0.00000000e+00   0.00000000e+00   -2.06516061e-02  0.00000000e+00  
 1          1          0.38313807       1          1          2          -0.00000000e+00  -4.13032122e-02  0.00000000e+00   1.23067760e-02   2.89964361e-02   0.00000000e+00   0.00000000e+00   0.00000000e+00  
 1          1          0.38313807       1          1          3          -0.00000000e+00  2.06516061e-02   0.00000000e+00   0.00000000e+00   0.00000000e+00   0.00000000e+00   -2.06516061e-02  0.00000000e+00  
 1          2          0.40229497       1          1          1          -0.00000000e+00  1.12735080e-02   0.00000000e+00   0.00000000e+00   0.00000000e+00   0.00000000e+00   -1.12735080e-02  0.00000000e+00  
 1          2          0.40229497       1          1          2          -0.00000000e+00  -2.25470160e-02  0.00000000e+00   6.33311003e-03   1.62139060e-02   0.00000000e+00   0.00000000e+00   2.79148214e-18  
 1          2          0.40229497       1          1          3          -0.00000000e+00  1.12735080e-02   0.00000000e+00   0.00000000e+00   0.00000000e+00   0.00000000e+00   -1.12735080e-02  0.00000000e+00  
 1          3          0.42240972       1          1          1          -0.00000000e+00  8.92233952e-03   0.00000000e+00   0.00000000e+00   0.00000000e+00   0.00000000e+00   -8.92233952e-03  0.00000000e+00  
 1          3          0.42240972       1          1          2          -0.00000000e+00  -1.78446790e-02  0.00000000e+00   4.95873485e-03   1.28859442e-02   0.00000000e+00   0.00000000e+00   0.00000000e+00  
 1          3          0.42240972       1          1          3          -0.00000000e+00  8.92233952e-03   0.00000000e+00   0.00000000e+00   0.00000000e+00   0.00000000e+00   -8.92233952e-03  0.00000000e+00  
 1          4          0.44353021       1          1          1          -0.00000000e+00  7.75283246e-03   0.00000000e+00   0.00000000e+00   0.00000000e+00   0.00000000e+00   -7.75283246e-03  0.00000000e+00  
 1          4          0.44353021       1          1          2          -0.00000000e+00  -1.55056649e-02  0.00000000e+00   4.30041863e-03   1.12052463e-02   0.00000000e+00   0.00000000e+00   0.00000000e+00  
 1          4          0.44353021       1          1          3          -0.00000000e+00  7.75283246e-03   0.00000000e+00   0.00000000e+00   0.00000000e+00   0.00000000e+00   -7.75283246e-03  0.00000000e+00  
 1          5          0.46570672       1          1          1          -0.00000000e+00  7.04654817e-03   0.00000000e+00   0.00000000e+00   0.00000000e+00   0.00000000e+00   -7.04654817e-03  0.00000000e+00  
 1          5          0.46570672       1          1          2          -0.00000000e+00  -1.40930963e-02  0.00000000e+00   3.91013393e-03   1.01829624e-02   0.00000000e+00   0.00000000e+00   0.00000000e+00  
 1          5          0.46570672       1          1          3          -0.00000000e+00  7.04654817e-03   0.00000000e+00   0.00000000e+00   0.00000000e+00   0.00000000e+00   -7.04654817e-03  0.00000000e+00  
 1          6          0.48899205       1          1          1          -0.00000000e+00  6.57853534e-03   0.00000000e+00   0.00000000e+00   0.00000000e+00   0.00000000e+00   -6.57853534e-03  0.00000000e+00  
 1          6          0.48899205       1          1          2          -0.00000000e+00  -1.31570707e-02  0.00000000e+00   3.65324296e-03   9.50382772e-03   0.00000000e+00   0.00000000e+00   1.69653199e-18  
 1          6          0.48899205       1          1          3          -0.00000000e+00  6.57853534e-03   0.00000000e+00   0.00000000e+00   0.00000000e+00   0.00000000e+00   -6.57853534e-03  0.00000000e+00  
 1          7          0.51344166       1          1          1          -0.00000000e+00  6.25161450e-03   0.00000000e+00   0.00000000e+00   0.00000000e+00   0.00000000e+00   -6.25161450e-03  0.00000000e+00  
 1          7          0.51344166       1          1          2          -0.00000000e+00  -1.25032290e-02  0.00000000e+00   3.47326393e-03   9.02996506e-03   0.00000000e+00   0.00000000e+00   0.00000000e+00  
 1          7          0.51344166       1          1          3          -0.00000000e+00  6.25161450e-03   0.00000000e+00   0.00000000e+00   0.00000000e+00   0.00000000e+00   -6.25161450e-03  0.00000000e+00  
 1          8          0.53911374       1          1          1          -0.00000000e+00  6.01622836e-03   0.00000000e+00   0.00000000e+00   0.00000000e+00   0.00000000e+00   -6.01622836e-03  0.00000000e+00  
 1          8          0.53911374       1          1          2          -0.00000000e+00  -1.20324567e-02  0.00000000e+00   3.34142250e-03   8.69103422e-03   0.00000000e+00   0.00000000e+00   1.87042652e-18  
 1          8          0.53911374       1          1          3          -0.00000000e+00  6.01622836e-03   0.00000000e+00   0.00000000e+00   0.00000000e+00   0.00000000e+00   -6.01622836e-03  0.00000000e+00  
 1          9          0.56606943       1          1          1          -0.00000000e+00  5.84423903e-03   0.00000000e+00   0.00000000e+00   0.00000000e+00   0.00000000e+00   -5.84423903e-03  0.00000000e+00  
 1          9          0.56606943       1          1          2          -0.00000000e+00  -1.16884781e-02  0.00000000e+00   3.24089249e-03   8.44758557e-03   0.00000000e+00   0.00000000e+00   0.00000000e+00  
 1          9          0.56606943       1          1          3          -0.00000000e+00  5.84423903e-03   0.00000000e+00   0.00000000e+00   0.00000000e+00   0.00000000e+00   -5.84423903e-03  0.00000000e+00  
 1          10         0.59437290       1          1          1          -0.00000000e+00  5.71838697e-03   0.00000000e+00   0.00000000e+00   0.00000000e+00   0.00000000e+00   -5.71838697e-03  0.00000000e+00  
 1          10         0.59437290       1          1          2          -0.00000000e+00  -1.14367739e-02  0.00000000e+00   3.16072589e-03   8.27604806e-03   0.00000000e+00   0.00000000e+00   2.06214524e-18  
 1          10         0.59437290       1          1          3          -0.00000000e+00  5.71838697e-03   0.00000000e+00   0.00000000e+00   0.00000000e+00   0.00000000e+00   -5.71838697e-03  0.00000000e+00  
 1          11         0.62409154       1          1          1          -0.00000000e+00  5.62744460e-03   0.00000000e+00   0.00000000e+00   0.00000000e+00   0.00000000e+00   -5.62744460e-03  0.00000000e+00  
 1          11         0.62409154       1          1          2          -0.00000000e+00  -1.12548892e-02  0.00000000e+00   3.09319168e-03   8.16169751e-03   0.00000000e+00   0.00000000e+00   0.00000000e+00  
 1          11         0.62409154       1          1          3          -0.00000000e+00  5.62744460e-03   0.00000000e+00   0.00000000e+00   0.00000000e+00   0.00000000e+00   -5.62744460e-03  0.00000000e+00  
 1          12         0.65529612       1          1          1          -0.00000000e+00  5.56376221e-03   0.00000000e+00   0.00000000e+00   0.00000000e+00   0.00000000e+00   -5.56376221e-03  0.00000000e+00  
 1          12         0.65529612       1          1          2          -0.00000000e+00  -1.11275244e-02  0.00000000e+00   3.03251891e-03   8.09500550e-03   0.00000000e+00   0.00000000e+00   0.00000000e+00  
 1          12         0.65529612       1          1          3          -0.00000000e+00  5.56376221e-03   0.00000000e+00   0.00000000e+00   0.00000000e+00   0.00000000e+00   -5.56376221e-03  0.00000000e+00  
 1          13         0.68806093       1          1          1          -0.00000000e+00  5.52192734e-03   0.00000000e+00   0.00000000e+00   0.00000000e+00   0.00000000e+00   -5.52192734e-03  0.00000000e+00  
 1          13         0.68806093       1          1          2          -0.00000000e+00  -1.10438547e-02  0.00000000e+00   2.97426495e-03   8.06958972e-03   0.00000000e+00   0.00000000e+00   0.00000000e+00  
 1          13         0.68806093       1          1          3          -0.00000000e+00  5.52192734e-03   0.00000000e+00   0.00000000e+00   0.00000000e+00   0.00000000e+00   -5.52192734e-03  0.00000000e+00  
 1          14         0.72246397       1          1          1          -0.00000000e+00  5.49798890e-03   0.00000000e+00   0.00000000e+00   0.00000000e+00   0.00000000e+00   -5.49798890e-03  0.00000000e+00  
 1          14         0.72246397       1          1          2          -0.00000000e+00  -1.09959778e-02  0.00000000e+00   2.91498493e-03   8.08099286e-03   0.00000000e+00   0.00000000e+00   2.50655043e-18  
 1          14         0.72246397       1          1          3          -0.00000000e+00  5.49798890e-03   0.00000000e+00   0.00000000e+00   0.00000000e+00   0.00000000e+00   -5.49798890e-03  0.00000000e+00  
 1          15         0.75858717       1          1          1          -0.00000000e+00  5.48898531e-03   0.00000000e+00   0.00000000e+00   0.00000000e+00   0.00000000e+00   -5.48898531e-03  0.00000000e+00  
 1          15         0.75858717       1          1          2          -0.00000000e+00  -1.09779706e-02  0.00000000e+00   2.85204214e-03   8.12592848e-03   0.00000000e+00   0.00000000e+00   0.00000000e+00  
 1          15         0.75858717       1          1          3          -0.00000000e+00  5.48898531e-03   0.00000000e+00   0.00000000e+00   0.00000000e+00   0.00000000e+00   -5.48898531e-03  0.00000000e+00  
 1          16         0.79651653       1          1          1          -0.00000000e+00  5.49264666e-03   0.00000000e+00   0.00000000e+00   0.00000000e+00   0.00000000e+00   -5.49264666e-03  0.00000000e+00  
 1          16         0.79651653       1          1          2          -0.00000000e+00  -1.09852933e-02  0.00000000e+00   2.78348248e-03   8.20181084e-03   0.00000000e+00   0.00000000e+00   0.00000000e+00  
 1          16         0.79651653       1          1          3          -0.00000000e+00  5.49264666e-03   0.00000000e+00   0.00000000e+00   0.00000000e+00   0.00000000e+00   -5.49264666e-03  0.00000000e+00  
 1          17         0.83634236       1          1          1          -0.00000000e+00  5.50719957e-03   0.00000000e+00   0.00000000e+00   0.00000000e+00   0.00000000e+00   -5.50719957e-03  0.00000000e+00  
 1          17         0.83634236       1          1          2          -0.00000000e+00  -1.10143991e-02  0.00000000e+00   2.70794275e-03   8.30645639e-03   0.00000000e+00   0.00000000e+00   1.45082272e-18  
 1          17         0.83634236       1          1          3          -0.00000000e+00  5.50719957e-03   0.00000000e+00   0.00000000e+00   0.00000000e+00   0.00000000e+00   -5.50719957e-03  0.00000000e+00  
 1          18         0.87815947       1          1          1          -0.00000000e+00  5.53124441e-03   0.00000000e+00   0.00000000e+00   0.00000000e+00   0.00000000e+00   -5.53124441e-03  0.00000000e+00  
 1          18         0.87815947       1          1          2          -0.00000000e+00  -1.10624888e-02  0.00000000e+00   2.62457252e-03   8.43791630e-03   0.00000000e+00   0.00000000e+00   0.00000000e+00  
 1          18         0.87815947       1          1          3          -0.00000000e+00  5.53124441e-03   0.00000000e+00   0.00000000e+00   0.00000000e+00   0.00000000e+00   -5.53124441e-03  0.00000000e+00  
 1          19         0.92206745       1          1          1          -0.00000000e+00  5.56362696e-03   0.00000000e+00   0.00000000e+00   0.00000000e+00   0.00000000e+00   -5.56362696e-03  0.00000000e+00  
 1          19         0.92206745       1          1          2          -0.00000000e+00  -1.11272539e-02  0.00000000e+00   2.53296402e-03   8.59428991e-03   0.00000000e+00   0.00000000e+00   0.00000000e+00  
 1          19         0.92206745       1          1          3          -0.00000000e+00  5.56362696e-03   0.00000000e+00   0.00000000e+00   0.00000000e+00   0.00000000e+00   -5.56362696e-03  0.00000000e+00  
 1          20         0.96817082       1          1          1          -0.00000000e+00  5.60345529e-03   0.00000000e+00   0.00000000e+00   0.00000000e+00   0.00000000e+00   -5.60345529e-03  0.00000000e+00  
 1          20         0.96817082       1          1          2          -0.00000000e+00  -1.12069106e-02  0.00000000e+00   2.43309459e-03   8.77381599e-03   0.00000000e+00   0.00000000e+00   0.00000000e+00  
 1          20         0.96817082       1          1          3          -0.00000000e+00  5.60345529e-03   0.00000000e+00   0.00000000e+00   0.00000000e+00   0.00000000e+00   -5.60345529e-03  0.00000000e+00  
 1          21         1.01657936       1          1          1          -0.00000000e+00  5.64997180e-03   0.00000000e+00   0.00000000e+00   0.00000000e+00   0.00000000e+00   -5.64997180e-03  0.00000000e+00  
 1          21         1.01657936       1          1          2          -0.00000000e+00  -1.12999436e-02  0.00000000e+00   2.32526876e-03   8.97467484e-03   0.00000000e+00   0.00000000e+00   -1.76348408e-18 
 1          21         1.01657936       1          1          3          -0.00000000e+00  5.64997180e-03   0.00000000e+00   0.00000000e+00   0.00000000e+00   0.00000000e+00   -5.64997180e-03  0.00000000e+00  
 1          22         1.06740833       1          1          1          -0.00000000e+00  5.70255139e-03   0.00000000e+00   0.00000000e+00   0.00000000e+00   0.00000000e+00   -5.70255139e-03  0.00000000e+00  
 1          22         1.06740833       1          1          2          -0.00000000e+00  -1.14051028e-02  0.00000000e+00   2.21007046e-03   9.19503232e-03   0.00000000e+00   0.00000000e+00   1.85165829e-18  
 1          22         1.06740833       1          1          3          -0.00000000e+00  5.70255139e-03   0.00000000e+00   0.00000000e+00   0.00000000e+00   0.00000000e+00   -5.70255139e-03  0.00000000e+00  
 1          23         1.12077875       1          1          1          -0.00000000e+00  5.76068827e-03   0.00000000e+00   0.00000000e+00   0.00000000e+00   0.00000000e+00   -5.76068827e-03  0.00000000e+00  
 1          23         1.12077875       1          1          2          -0.00000000e+00  -1.15213765e-02  0.00000000e+00   2.08832217e-03   9.43305436e-03   0.00000000e+00   0.00000000e+00   0.00000000e+00  
 1          23         1.12077875       1          1          3          -0.00000000e+00  5.76068827e-03   0.00000000e+00   0.00000000e+00   0.00000000e+00   0.00000000e+00   -5.76068827e-03  0.00000000e+00  
 1          24         1.17681768       1          1          1          -0.00000000e+00  5.82397160e-03   0.00000000e+00   0.00000000e+00   0.00000000e+00   0.00000000e+00   -5.82397160e-03  0.00000000e+00  
 1          24         1.17681768       1          1          2          -0.00000000e+00  -1.16479432e-02  0.00000000e+00   1.96104455e-03   9.68689865e-03   0.00000000e+00   0.00000000e+00   0.00000000e+00  
 1          24         1.17681768       1          1          3          -0.00000000e+00  5.82397160e-03   0.00000000e+00   0.00000000e+00   0.00000000e+00   0.00000000e+00   -5.82397160e-03  0.00000000e+00  
 1          25         1.23565857       1          1          1          -0.00000000e+00  5.89206585e-03   0.00000000e+00   0.00000000e+00   0.00000000e+00   0.00000000e+00   -5.89206585e-03  0.00000000e+00  
 1          25         1.23565857       1          1          2          -0.00000000e+00  -1.17841317e-02  0.00000000e+00   1.82941976e-03   9.95471195e-03   0.00000000e+00   0.00000000e+00   2.14352592e-18  
 1          25         1.23565857       1          1          3          -0.00000000e+00  5.89206585e-03   0.00000000e+00   0.00000000e+00   0.00000000e+00   0.00000000e+00   -5.89206585e-03  0.00000000e+00  
 1          26         1.29744149       1          1          1          -0.00000000e+00  5.96469850e-03   0.00000000e+00   0.00000000e+00   0.00000000e+00   0.00000000e+00   -5.96469850e-03  0.00000000e+00  
 1          26         1.29744149       1          1          2          -0.00000000e+00  -1.19293970e-02  0.00000000e+00   1.69475547e-03   1.02346415e-02   0.00000000e+00   0.00000000e+00   0.00000000e+00  
 1          26         1.29744149       1          1          3          -0.00000000e+00  5.96469850e-03   0.00000000e+00   0.00000000e+00   0.00000000e+00   0.00000000e+00   -5.96469850e-03  0.00000000e+00  
 1          27         1.36231357       1          1          1          -0.00000000e+00  6.04164003e-03   0.00000000e+00   0.00000000e+00   0.00000000e+00   0.00000000e+00   -6.04164003e-03  0.00000000e+00  
 1          27         1.36231357       1          1          2          -0.00000000e+00  -1.20832801e-02  0.00000000e+00   1.55844809e-03   1.05248320e-02   0.00000000e+00   0.00000000e+00   -2.36323733e-18 
 1          27         1.36231357       1          1          3          -0.00000000e+00  6.04164003e-03   0.00000000e+00   0.00000000e+00   0.00000000e+00   0.00000000e+00   -6.04164003e-03  0.00000000e+00  
 1          28         1.43042925       1          1          1          -0.00000000e+00  6.12273372e-03   0.00000000e+00   0.00000000e+00   0.00000000e+00   0.00000000e+00   -6.12273372e-03  0.00000000e+00  
 1          28         1.43042925       1          1          2          -0.00000000e+00  -1.22454674e-02  0.00000000e+00   1.42194762e-03   1.08235198e-02   0.00000000e+00   0.00000000e+00   0.00000000e+00  
 1          28         1.43042925       1          1          3          -0.00000000e+00  6.12273372e-03   0.00000000e+00   0.00000000e+00   0.00000000e+00   0.00000000e+00   -6.12273372e-03  0.00000000e+00  
 1          29         1.50195071       1          1          1          -0.00000000e+00  6.20784888e-03   0.00000000e+00   0.00000000e+00   0.00000000e+00   0.00000000e+00   -6.20784888e-03  0.00000000e+00  
 1          29         1.50195071       1          1          2          -0.00000000e+00  -1.24156978e-02  0.00000000e+00   1.28671792e-03   1.11289798e-02   0.00000000e+00   0.00000000e+00   0.00000000e+00  
 1          29         1.50195071       1          1          3          -0.00000000e+00  6.20784888e-03   0.00000000e+00   0.00000000e+00   0.00000000e+00   0.00000000e+00   -6.20784888e-03  0.00000000e+00  
 1          30         1.57704825       1          1          1          -0.00000000e+00  6.29688264e-03   0.00000000e+00   0.00000000e+00   0.00000000e+00   0.00000000e+00   -6.29688264e-03  0.00000000e+00  
 1          30         1.57704825       1          1          2          -0.00000000e+00  -1.25937653e-02  0.00000000e+00   1.15419796e-03   1.14395673e-02   0.00000000e+00   0.00000000e+00   2.73574261e-18  
 1          30         1.57704825       1          1          3          -0.00000000e+00  6.29688264e-03   0.00000000e+00   0.00000000e+00   0.00000000e+00   0.00000000e+00   -6.29688264e-03  0.00000000e+00  
 1          31         1.65590066       1          1          1          -0.00000000e+00  6.38978037e-03   0.00000000e+00   0.00000000e+00   0.00000000e+00   0.00000000e+00   -6.38978037e-03  0.00000000e+00  
 1          31         1.65590066       1          1          2          -0.00000000e+00  -1.27795607e-02  0.00000000e+00   1.02576527e-03   1.17537955e-02   0.00000000e+00   0.00000000e+00   -2.87252975e-18 
 1          31         1.65590066       1          1          3          -0.00000000e+00  6.38978037e-03   0.00000000e+00   0.00000000e+00   0.00000000e+00   0.00000000e+00   -6.38978037e-03  0.00000000e+00  
 1          32         1.73869569       1          1          1          -0.00000000e+00  6.48650409e-03   0.00000000e+00   0.00000000e+00   0.00000000e+00   0.00000000e+00   -6.48650409e-03  0.00000000e+00  
 1          32         1.73869569       1          1          2          -0.00000000e+00  -1.29730082e-02  0.00000000e+00   9.02697023e-04   1.20703112e-02   0.00000000e+00   0.00000000e+00   0.00000000e+00  
 1          32         1.73869569       1          1          3          -0.00000000e+00  6.48650409e-03   0.00000000e+00   0.00000000e+00   0.00000000e+00   0.00000000e+00   -6.48650409e-03  0.00000000e+00  
 1          33         1.82563048       1          1          1          -0.00000000e+00  6.58704356e-03   0.00000000e+00   0.00000000e+00   0.00000000e+00   0.00000000e+00   -6.58704356e-03  0.00000000e+00  
 1          33         1.82563048       1          1          2          -0.00000000e+00  -1.31740871e-02  0.00000000e+00   7.86136595e-04   1.23879505e-02   0.00000000e+00   0.00000000e+00   0.00000000e+00  
 1          33         1.82563048       1          1          3          -0.00000000e+00  6.58704356e-03   0.00000000e+00   0.00000000e+00   0.00000000e+00   0.00000000e+00   -6.58704356e-03  0.00000000e+00  
 1          34         1.91691200       1          1          1          -0.00000000e+00  6.69139831e-03   0.00000000e+00   0.00000000e+00   0.00000000e+00   0.00000000e+00   -6.69139831e-03  0.00000000e+00  
 1          34         1.91691200       1          1          2          -0.00000000e+00  -1.33827966e-02  0.00000000e+00   6.77062110e-04   1.27057345e-02   0.00000000e+00   0.00000000e+00   0.00000000e+00  
 1          34         1.91691200       1          1          3          -0.00000000e+00  6.69139831e-03   0.00000000e+00   0.00000000e+00   0.00000000e+00   0.00000000e+00   -6.69139831e-03  0.00000000e+00  
 1          35         2.01275760       1          1          1          -0.00000000e+00  6.79959426e-03   0.00000000e+00   0.00000000e+00   0.00000000e+00   0.00000000e+00   -6.79959426e-03  0.00000000e+00  
 1          35         2.01275760       1          1          2          -0.00000000e+00  -1.35991885e-02  0.00000000e+00   5.76262624e-04   1.30229259e-02   0.00000000e+00   0.00000000e+00   0.00000000e+00  
 1          35         2.01275760       1          1          3          -0.00000000e+00  6.79959426e-03   0.00000000e+00   0.00000000e+00   0.00000000e+00   0.00000000e+00   -6.79959426e-03  0.00000000e+00  
 1          36         2.11339548       1          1          1          -0.00000000e+00  6.91166965e-03   0.00000000e+00   0.00000000e+00   0.00000000e+00   0.00000000e+00   -6.91166965e-03  0.00000000e+00  
 1          36         2.11339548       1          1          2          -0.00000000e+00  -1.38233393e-02  0.00000000e+00   4.84318880e-04   1.33390204e-02   0.00000000e+00   0.00000000e+00   0.00000000e+00  
 1          36         2.11339548       1          1          3          -0.00000000e+00  6.91166965e-03   0.00000000e+00   0.00000000e+00   0.00000000e+00   0.00000000e+00   -6.91166965e-03  0.00000000e+00  
 1          37         2.21906525       1          1          1          -0.00000000e+00  7.02767374e-03   0.00000000e+00   0.00000000e+00   0.00000000e+00   0.00000000e+00   -7.02767374e-03  0.00000000e+00  
 1          37         2.21906525       1          1          2          -0.00000000e+00  -1.40553475e-02  0.00000000e+00   4.01592456e-04   1.36537550e-02   0.00000000e+00   0.00000000e+00   0.00000000e+00  
 1          37         2.21906525       1          1          3          -0.00000000e+00  7.02767374e-03   0.00000000e+00   0.00000000e+00   0.00000000e+00   0.00000000e+00   -7.02767374e-03  0.00000000e+00  
 1          38         2.33001852       1          1          1          -0.00000000e+00  7.14766224e-03   0.00000000e+00   0.00000000e+00   0.00000000e+00   0.00000000e+00   -7.14766224e-03  0.00000000e+00  
 1          38         2.33001852       1          1          2          -0.00000000e+00  -1.42953245e-02  0.00000000e+00   3.28222904e-04   1.39671016e-02   0.00000000e+00   0.00000000e+00   0.00000000e+00  
 1          38         2.33001852       1          1          3          -0.00000000e+00  7.14766224e-03   0.00000000e+00   0.00000000e+00   0.00000000e+00   0.00000000e+00   -7.14766224e-03  0.00000000e+00  
 1          39         2.44651944       1          1          1          -0.00000000e+00  7.27170698e-03   0.00000000e+00   0.00000000e+00   0.00000000e+00   0.00000000e+00   -7.27170698e-03  0.00000000e+00  
 1          39         2.44651944       1          1          2          -0.00000000e+00  -1.45434140e-02  0.00000000e+00   2.64134258e-04   1.42792797e-02   0.00000000e+00   0.00000000e+00   0.00000000e+00  
 1          39         2.44651944       1          1          3          -0.00000000e+00  7.27170698e-03   0.00000000e+00   0.00000000e+00   0.00000000e+00   0.00000000e+00   -7.27170698e-03  0.00000000e+00  
 1          40         2.56884541       1          1          1          -0.00000000e+00  7.39988227e-03   0.00000000e+00   0.00000000e+00   0.00000000e+00   0.00000000e+00   -7.39988227e-03  0.00000000e+00  
 1          40         2.56884541       1          1          2          -0.00000000e+00  -1.47997645e-02  0.00000000e+00   2.09048364e-04   1.45907162e-02   0.00000000e+00   0.00000000e+00   0.00000000e+00  
 1          40         2.56884541       1          1          3          -0.00000000e+00  7.39988227e-03   0.00000000e+00   0.00000000e+00   0.00000000e+00   0.00000000e+00   -7.39988227e-03  0.00000000e+00  
 1          41         2.69728768       1          1          1          -0.00000000e+00  7.53226819e-03   0.00000000e+00   0.00000000e+00   0.00000000e+00   0.00000000e+00   -7.53226819e-03  0.00000000e+00  
 1          41         2.69728768       1          1          2          -0.00000000e+00  -1.50645364e-02  0.00000000e+00   1.62506996e-04   1.49020294e-02   0.00000000e+00   0.00000000e+00   0.00000000e+00  
 1          41         2.69728768       1          1          3          -0.00000000e+00  7.53226819e-03   0.00000000e+00   0.00000000e+00   0.00000000e+00   0.00000000e+00   -7.53226819e-03  0.00000000e+00  
 1          42         2.83215207       1          1          1          -0.00000000e+00  7.66895220e-03   0.00000000e+00   0.00000000e+00   0.00000000e+00   0.00000000e+00   -7.66895220e-03  0.00000000e+00  
 1          42         2.83215207       1          1          2          -0.00000000e+00  -1.53379044e-02  0.00000000e+00   1.23900493e-04   1.52140039e-02   0.00000000e+00   0.00000000e+00   -2.45650034e-18 
 1          42         2.83215207       1          1          3          -0.00000000e+00  7.66895220e-03   0.00000000e+00   0.00000000e+00   0.00000000e+00   0.00000000e+00   -7.66895220e-03  0.00000000e+00  
 1          43         2.97375967       1          1          1          -0.00000000e+00  7.81002590e-03   0.00000000e+00   0.00000000e+00   0.00000000e+00   0.00000000e+00   -7.81002590e-03  0.00000000e+00  
 1          43         2.97375967       1          1          2          -0.00000000e+00  -1.56200518e-02  0.00000000e+00   9.25011921e-05   1.55275506e-02   0.00000000e+00   0.00000000e+00   0.00000000e+00  
 1          43         2.97375967       1          1          3          -0.00000000e+00  7.81002590e-03   0.00000000e+00   0.00000000e+00   0.00000000e+00   0.00000000e+00   -7.81002590e-03  0.00000000e+00  
 1          44         3.12244766       1          1          1          -0.00000000e+00  7.95558382e-03   0.00000000e+00   0.00000000e+00   0.00000000e+00   0.00000000e+00   -7.95558382e-03  0.00000000e+00  
 1          44         3.12244766       1          1          2          -0.00000000e+00  -1.59111676e-02  0.00000000e+00   6.75002850e-05   1.58436674e-02   0.00000000e+00   0.00000000e+00   0.00000000e+00  
 1          44         3.12244766       1          1          3          -0.00000000e+00  7.95558382e-03   0.00000000e+00   0.00000000e+00   0.00000000e+00   0.00000000e+00   -7.95558382e-03  0.00000000e+00  
 1          45         3.27857004       1          1          1          -0.00000000e+00  8.10572441e-03   0.00000000e+00   0.00000000e+00   0.00000000e+00   0.00000000e+00   -8.10572441e-03  0.00000000e+00  
 1          45         3.27857004       1          1          2          -0.00000000e+00  -1.62114488e-02  0.00000000e+00   4.80460474e-05   1.61634028e-02   0.00000000e+00   0.00000000e+00   0.00000000e+00  
 1          45         3.27857004       1          1          3          -0.00000000e+00  8.10572441e-03   0.00000000e+00   0.00000000e+00   0.00000000e+00   0.00000000e+00   -8.10572441e-03  0.00000000e+00  
 1          46         3.44249854       1          1          1          -0.00000000e+00  8.26054944e-03   0.00000000e+00   0.00000000e+00   0.00000000e+00   0.00000000e+00   -8.26054944e-03  0.00000000e+00  
 1          46         3.44249854       1          1          2          -0.00000000e+00  -1.65210989e-02  0.00000000e+00   3.32808903e-05   1.64878180e-02   0.00000000e+00   0.00000000e+00   0.00000000e+00  
 1          46         3.44249854       1          1          3          -0.00000000e+00  8.26054944e-03   0.00000000e+00   0.00000000e+00   0.00000000e+00   0.00000000e+00   -8.26054944e-03  0.00000000e+00  
 1          47         3.61462347       1          1          1          -0.00000000e+00  8.42016311e-03   0.00000000e+00   0.00000000e+00   0.00000000e+00   0.00000000e+00   -8.42016311e-03  0.00000000e+00  
 1          47         3.61462347       1          1          2          -0.00000000e+00  -1.68403262e-02  0.00000000e+00   2.23753013e-05   1.68179509e-02   0.00000000e+00   0.00000000e+00   0.00000000e+00  
 1          47         3.61462347       1          1          3          -0.00000000e+00  8.42016311e-03   0.00000000e+00   0.00000000e+00   0.00000000e+00   0.00000000e+00   -8.42016311e-03  0.00000000e+00  
 1          48         3.79535464       1          1          1          -0.00000000e+00  8.58467231e-03   0.00000000e+00   0.00000000e+00   0.00000000e+00   0.00000000e+00   -8.58467231e-03  0.00000000e+00  
 1          48         3.79535464       1          1          2          -0.00000000e+00  -1.71693446e-02  0.00000000e+00   1.45567705e-05   1.71547878e-02   0.00000000e+00   0.00000000e+00   3.29194540e-18  
 1          48         3.79535464       1          1          3          -0.00000000e+00  8.58467231e-03   0.00000000e+00   0.00000000e+00   0.00000000e+00   0.00000000e+00   -8.58467231e-03  0.00000000e+00  
 1          49         3.98512237       1          1          1          -0.00000000e+00  8.75418638e-03   0.00000000e+00   0.00000000e+00   0.00000000e+00   0.00000000e+00   -8.75418638e-03  0.00000000e+00  
 1          49         3.98512237       1          1          2          -0.00000000e+00  -1.75083728e-02  0.00000000e+00   9.13207791e-06   1.74992407e-02   0.00000000e+00   0.00000000e+00   0.00000000e+00  
 1          49         3.98512237       1          1          3          -0.00000000e+00  8.75418638e-03   0.00000000e+00   0.00000000e+00   0.00000000e+00   0.00000000e+00   -8.75418638e-03  0.00000000e+00  
 1          50         4.18437849       1          1          1          -0.00000000e+00  8.92881716e-03   0.00000000e+00   0.00000000e+00   0.00000000e+00   0.00000000e+00   -8.92881716e-03  0.00000000e+00  
 1          50         4.18437849       1          1          2          -0.00000000e+00  -1.78576343e-02  0.00000000e+00   5.50207892e-06   1.78521322e-02   0.00000000e+00   0.00000000e+00   0.00000000e+00  
 1          50         4.18437849       1          1          3          -0.00000000e+00  8.92881716e-03   0.00000000e+00   0.00000000e+00   0.00000000e+00   0.00000000e+00   -8.92881716e-03  0.00000000e+00  
 1          51         4.39359742       1          1          1          -0.00000000e+00  9.10867882e-03   0.00000000e+00   0.00000000e+00   0.00000000e+00   0.00000000e+00   -9.10867882e-03  0.00000000e+00  
 1          51         4.39359742       1          1          2          -0.00000000e+00  -1.82173576e-02  0.00000000e+00   3.16873058e-06   1.82141889e-02   0.00000000e+00   0.00000000e+00   0.00000000e+00  
 1          51         4.39359742       1          1          3          -0.00000000e+00  9.10867882e-03   0.00000000e+00   0.00000000e+00   0.00000000e+00   0.00000000e+00   -9.10867882e-03  0.00000000e+00  
 1          52         4.61327729       1          1          1          -0.00000000e+00  9.29388794e-03   0.00000000e+00   0.00000000e+00   0.00000000e+00   0.00000000e+00   -9.29388794e-03  0.00000000e+00  
 1          52         4.61327729       1          1          2          -0.00000000e+00  -1.85877759e-02  0.00000000e+00   1.73471617e-06   1.85860412e-02   0.00000000e+00   0.00000000e+00   4.00138021e-18  
 1          52         4.61327729       1          1          3          -0.00000000e+00  9.29388794e-03   0.00000000e+00   0.00000000e+00   0.00000000e+00   0.00000000e+00   -9.29388794e-03  0.00000000e+00  
 1          53         4.84394115       1          1          1          -0.00000000e+00  9.48456360e-03   0.00000000e+00   0.00000000e+00   0.00000000e+00   0.00000000e+00   -9.48456360e-03  0.00000000e+00  
 1          53         4.84394115       1          1          2          -0.00000000e+00  -1.89691272e-02  0.00000000e+00   8.96775855e-07   1.89682304e-02   0.00000000e+00   0.00000000e+00   -4.20144922e-18 
 1          53         4.84394115       1          1          3          -0.00000000e+00  9.48456360e-03   0.00000000e+00   0.00000000e+00   0.00000000e+00   0.00000000e+00   -9.48456360e-03  0.00000000e+00  
 1          54         5.08613821       1          1          1          -0.00000000e+00  9.68082734e-03   0.00000000e+00   0.00000000e+00   0.00000000e+00   0.00000000e+00   -9.68082734e-03  0.00000000e+00  
 1          54         5.08613821       1          1          2          -0.00000000e+00  -1.93616547e-02  0.00000000e+00   4.34294360e-07   1.93612204e-02   0.00000000e+00   0.00000000e+00   -2.20576084e-18 
 1          54         5.08613821       1          1          3          -0.00000000e+00  9.68082734e-03   0.00000000e+00   0.00000000e+00   0.00000000e+00   0.00000000e+00   -9.68082734e-03  0.00000000e+00  
 1          55         5.34044512       1          1          1          -0.00000000e+00  9.88280334e-03   0.00000000e+00   0.00000000e+00   0.00000000e+00   0.00000000e+00   -9.88280334e-03  0.00000000e+00  
 1          55         5.34044512       1          1          2          -0.00000000e+00  -1.97656067e-02  0.00000000e+00   1.95131291e-07   1.97654115e-02   0.00000000e+00   0.00000000e+00   -2.31604888e-18 
 1          55         5.34044512       1          1          3          -0.00000000e+00  9.88280334e-03   0.00000000e+00   0.00000000e+00   0.00000000e+00   0.00000000e+00   -9.88280334e-03  0.00000000e+00  
 1          56         5.60746738       1          1          1          -0.00000000e+00  1.00906186e-02   0.00000000e+00   0.00000000e+00   0.00000000e+00   0.00000000e+00   -1.00906186e-02  0.00000000e+00  
 1          56         5.60746738       1          1          2          -0.00000000e+00  -2.01812372e-02  0.00000000e+00   8.03905733e-08   2.01811568e-02   0.00000000e+00   0.00000000e+00   0.00000000e+00  
 1          56         5.60746738       1          1          3          -0.00000000e+00  1.00906186e-02   0.00000000e+00   0.00000000e+00   0.00000000e+00   0.00000000e+00   -1.00906186e-02  0.00000000e+00  
 1          57         5.88784074       1          1          1          -0.00000000e+00  1.03044027e-02   0.00000000e+00   0.00000000e+00   0.00000000e+00   0.00000000e+00   -1.03044027e-02  0.00000000e+00  
 1          57         5.88784074       1          1          2          -0.00000000e+00  -2.06088053e-02  0.00000000e+00   2.99311693e-08   2.06087754e-02   0.00000000e+00   0.00000000e+00   2.55344389e-18  
 1          57         5.88784074       1          1          3          -0.00000000e+00  1.03044027e-02   0.00000000e+00   0.00000000e+00   0.00000000e+00   0.00000000e+00   -1.03044027e-02  0.00000000e+00  
 1          58         6.18223278       1          1          1          -0.00000000e+00  1.05242879e-02   0.00000000e+00   0.00000000e+00   0.00000000e+00   0.00000000e+00   -1.05242879e-02  0.00000000e+00  
 1          58         6.18223278       1          1          2          -0.00000000e+00  -2.10485757e-02  0.00000000e+00   9.72721609e-09   2.10485660e-02   0.00000000e+00   0.00000000e+00   -2.68111608e-18 
 1          58         6.18223278       1          1          3          -0.00000000e+00  1.05242879e-02   0.00000000e+00   0.00000000e+00   0.00000000e+00   0.00000000e+00   -1.05242879e-02  0.00000000e+00  
 1          59         6.49134442       1          1          1          -0.00000000e+00  1.07504107e-02   0.00000000e+00   0.00000000e+00   0.00000000e+00   0.00000000e+00   -1.07504107e-02  0.00000000e+00  
 1          59         6.49134442       1          1          2          -0.00000000e+00  -2.15008213e-02  0.00000000e+00   2.86353610e-09   2.15008185e-02   0.00000000e+00   0.00000000e+00   -2.81517189e-18 
 1          59         6.49134442       1          1          3          -0.00000000e+00  1.07504107e-02   0.00000000e+00   0.00000000e+00   0.00000000e+00   0.00000000e+00   -1.07504107e-02  0.00000000e+00  
 1          60         6.81591164       1          1          1          -0.00000000e+00  1.09829089e-02   0.00000000e+00   0.00000000e+00   0.00000000e+00   0.00000000e+00   -1.09829089e-02  0.00000000e+00  
 1          60         6.81591164       1          1          2          -0.00000000e+00  -2.19658178e-02  0.00000000e+00   5.52654489e-10   2.19658172e-02   0.00000000e+00   0.00000000e+00   0.00000000e+00  
 1          60         6.81591164       1          1          3          -0.00000000e+00  1.09829089e-02   0.00000000e+00   0.00000000e+00   0.00000000e+00   0.00000000e+00   -1.09829089e-02  0.00000000e+00  
 1          61         7.15670722       1          1          1          -0.00000000e+00  1.12219256e-02   0.00000000e+00   0.00000000e+00   0.00000000e+00   0.00000000e+00   -1.12219256e-02  0.00000000e+00  
 1          61         7.15670722       1          1          2          -0.00000000e+00  -2.24438512e-02  0.00000000e+00   1.15281032e-10   2.24438510e-02   0.00000000e+00   0.00000000e+00   0.00000000e+00  
 1          61         7.15670722       1          1          3          -0.00000000e+00  1.12219256e-02   0.00000000e+00   0.00000000e+00   0.00000000e+00   0.00000000e+00   -1.12219256e-02  0.00000000e+00  
 1          62         7.51454258       1          1          1          -0.00000000e+00  1.14676080e-02   0.00000000e+00   0.00000000e+00   0.00000000e+00   0.00000000e+00   -1.14676080e-02  0.00000000e+00  
 1          62         7.51454258       1          1          2          -0.00000000e+00  -2.29352160e-02  0.00000000e+00   7.69757640e-11   2.29352159e-02   0.00000000e+00   0.00000000e+00   0.00000000e+00  
 1          62         7.51454258       1          1          3          -0.00000000e+00  1.14676080e-02   0.00000000e+00   0.00000000e+00   0.00000000e+00   0.00000000e+00   -1.14676080e-02  0.00000000e+00  
 1          63         7.89026971       1          1          1          -0.00000000e+00  1.17200992e-02   0.00000000e+00   0.00000000e+00   0.00000000e+00   0.00000000e+00   -1.17200992e-02  0.00000000e+00  
 1          63         7.89026971       1          1          2          -0.00000000e+00  -2.34401985e-02  0.00000000e+00   -1.70824090e-11  2.34401985e-02   0.00000000e+00   0.00000000e+00   0.00000000e+00  
 1          63         7.89026971       1          1          3          -0.00000000e+00  1.17200992e-02   0.00000000e+00   0.00000000e+00   0.00000000e+00   0.00000000e+00   -1.17200992e-02  0.00000000e+00  
 1          64         8.28478320       1          1          1          -0.00000000e+00  1.19795580e-02   0.00000000e+00   0.00000000e+00   0.00000000e+00   0.00000000e+00   -1.19795580e-02  0.00000000e+00  
 1          64         8.28478320       1          1          2          -0.00000000e+00  -2.39591159e-02  0.00000000e+00   -1.39659254e-11  2.39591159e-02   0.00000000e+00   0.00000000e+00   0.00000000e+00  
 1          64         8.28478320       1          1          3          -0.00000000e+00  1.19795580e-02   0.00000000e+00   0.00000000e+00   0.00000000e+00   0.00000000e+00   -1.19795580e-02  0.00000000e+00  
 1          65         8.69902236       1          1          1          -0.00000000e+00  1.22461392e-02   0.00000000e+00   0.00000000e+00   0.00000000e+00   0.00000000e+00   -1.22461392e-02  0.00000000e+00  
 1          65         8.69902236       1          1          2          -0.00000000e+00  -2.44922783e-02  0.00000000e+00   3.24108826e-11   2.44922783e-02   0.00000000e+00   0.00000000e+00   0.00000000e+00  
 1          65         8.69902236       1          1          3          -0.00000000e+00  1.22461392e-02   0.00000000e+00   0.00000000e+00   0.00000000e+00   0.00000000e+00   -1.22461392e-02  0.00000000e+00  
 1          66         9.13397348       1          1          1          -0.00000000e+00  1.25200121e-02   0.00000000e+00   0.00000000e+00   0.00000000e+00   0.00000000e+00   -1.25200121e-02  0.00000000e+00  
 1          66         9.13397348       1          1          2          -0.00000000e+00  -2.50400242e-02  0.00000000e+00   2.45627890e-12   2.50400241e-02   0.00000000e+00   0.00000000e+00   -3.96122956e-18 
 1          66         9.13397348       1          1          3          -0.00000000e+00  1.25200121e-02   0.00000000e+00   0.00000000e+00   0.00000000e+00   0.00000000e+00   -1.25200121e-02  0.00000000e+00  
 1          67         9.59067215       1          1          1          -0.00000000e+00  1.28013144e-02   0.00000000e+00   0.00000000e+00   0.00000000e+00   0.00000000e+00   -1.28013144e-02  0.00000000e+00  
 1          67         9.59067215       1          1          2          -0.00000000e+00  -2.56026289e-02  0.00000000e+00   -1.88857842e-14  2.56026289e-02   0.00000000e+00   0.00000000e+00   0.00000000e+00  
 1          67         9.59067215       1          1          3          -0.00000000e+00  1.28013144e-02   0.00000000e+00   0.00000000e+00   0.00000000e+00   0.00000000e+00   -1.28013144e-02  0.00000000e+00  
 1          68         10.07020576      1          1          1          -0.00000000e+00  1.30902420e-02   0.00000000e+00   0.00000000e+00   0.00000000e+00   0.00000000e+00   -1.30902420e-02  0.00000000e+00  
 1          68         10.07020576      1          1          2          -0.00000000e+00  -2.61804841e-02  0.00000000e+00   -6.85687755e-12  2.61804841e-02   0.00000000e+00   0.00000000e+00   -4.36725558e-18 
 1          68         10.07020576      1          1          3          -0.00000000e+00  1.30902420e-02   0.00000000e+00   0.00000000e+00   0.00000000e+00   0.00000000e+00   -1.30902420e-02  0.00000000e+00  
 1          69         10.57371605      1          1          1          -0.00000000e+00  1.33869590e-02   0.00000000e+00   0.00000000e+00   0.00000000e+00   0.00000000e+00   -1.33869590e-02  0.00000000e+00  
 1          69         10.57371605      1          1          2          -0.00000000e+00  -2.67739181e-02  0.00000000e+00   1.42444121e-12   2.67739181e-02   0.00000000e+00   0.00000000e+00   0.00000000e+00  
 1          69         10.57371605      1          1          3          -0.00000000e+00  1.33869590e-02   0.00000000e+00   0.00000000e+00   0.00000000e+00   0.00000000e+00   -1.33869590e-02  0.00000000e+00  
 1          70         11.10240185      1          1          1          -0.00000000e+00  1.36916432e-02   0.00000000e+00   0.00000000e+00   0.00000000e+00   0.00000000e+00   -1.36916432e-02  0.00000000e+00  
 1          70         11.10240185      1          1          2          -0.00000000e+00  -2.73832863e-02  0.00000000e+00   2.64509840e-12   2.73832863e-02   0.00000000e+00   0.00000000e+00   0.00000000e+00  
 1          70         11.10240185      1          1          3          -0.00000000e+00  1.36916432e-02   0.00000000e+00   0.00000000e+00   0.00000000e+00   0.00000000e+00   -1.36916432e-02  0.00000000e+00  
 1          71         11.65752194      1          1          1          -0.00000000e+00  1.40044762e-02   0.00000000e+00   0.00000000e+00   0.00000000e+00   0.00000000e+00   -1.40044762e-02  0.00000000e+00  
 1          71         11.65752194      1          1          2          -0.00000000e+00  -2.80089524e-02  0.00000000e+00   -3.57717358e-12  2.80089524e-02   0.00000000e+00   0.00000000e+00   5.05564425e-18  
 1          71         11.65752194      1          1          3          -0.00000000e+00  1.40044762e-02   0.00000000e+00   0.00000000e+00   0.00000000e+00   0.00000000e+00   -1.40044762e-02  0.00000000e+00  
 1          72         12.24039804      1          1          1          -0.00000000e+00  1.43256456e-02   0.00000000e+00   0.00000000e+00   0.00000000e+00   0.00000000e+00   -1.43256456e-02  0.00000000e+00  
 1          72         12.24039804      1          1          2          -0.00000000e+00  -2.86512911e-02  0.00000000e+00   6.06378126e-12   2.86512911e-02   0.00000000e+00   0.00000000e+00   0.00000000e+00  
 1          72         12.24039804      1          1          3          -0.00000000e+00  1.43256456e-02   0.00000000e+00   0.00000000e+00   0.00000000e+00   0.00000000e+00   -1.43256456e-02  0.00000000e+00  
 1          73         12.85241794      1          1          1          -0.00000000e+00  1.46553426e-02   0.00000000e+00   0.00000000e+00   0.00000000e+00   0.00000000e+00   -1.46553426e-02  0.00000000e+00  
 1          73         12.85241794      1          1          2          -0.00000000e+00  -2.93106852e-02  0.00000000e+00   5.43549101e-13   2.93106852e-02   0.00000000e+00   0.00000000e+00   0.00000000e+00  
 1          73         12.85241794      1          1          3          -0.00000000e+00  1.46553426e-02   0.00000000e+00   0.00000000e+00   0.00000000e+00   0.00000000e+00   -1.46553426e-02  0.00000000e+00  
 1          74         13.49503884      1          1          1          -0.00000000e+00  1.49937640e-02   0.00000000e+00   0.00000000e+00   0.00000000e+00   0.00000000e+00   -1.49937640e-02  0.00000000e+00  
 1          74         13.49503884      1          1          2          -0.00000000e+00  -2.99875280e-02  0.00000000e+00   9.98153586e-14   2.99875280e-02   0.00000000e+00   0.00000000e+00   5.85254017e-18  
 1          74         13.49503884      1          1          3          -0.00000000e+00  1.49937640e-02   0.00000000e+00   0.00000000e+00   0.00000000e+00   0.00000000e+00   -1.49937640e-02  0.00000000e+00  
 1          75         14.16979078      1          1          1          -0.00000000e+00  1.53411116e-02   0.00000000e+00   0.00000000e+00   0.00000000e+00   0.00000000e+00   -1.53411116e-02  0.00000000e+00  
 1          75         14.16979078      1          1          2          -0.00000000e+00  -3.06822231e-02  0.00000000e+00   0.00000000e+00   3.06822231e-02   0.00000000e+00   0.00000000e+00   -6.14516718e-18 
 1          75         14.16979078      1          1          3          -0.00000000e+00  1.53411116e-02   0.00000000e+00   0.00000000e+00   0.00000000e+00   0.00000000e+00   -1.53411116e-02  0.00000000e+00  
 1          76         14.87828032      1          1          1          -0.00000000e+00  1.56975926e-02   0.00000000e+00   0.00000000e+00   0.00000000e+00   0.00000000e+00   -1.56975926e-02  0.00000000e+00  
 1          76         14.87828032      1          1          2          -0.00000000e+00  -3.13951852e-02  0.00000000e+00   0.00000000e+00   3.13951852e-02   0.00000000e+00   0.00000000e+00   6.45242554e-18  
 1          76         14.87828032      1          1          3          -0.00000000e+00  1.56975926e-02   0.00000000e+00   0.00000000e+00   0.00000000e+00   0.00000000e+00   -1.56975926e-02  0.00000000e+00  
 1          77         15.62219433      1          1          1          -0.00000000e+00  1.60634192e-02   0.00000000e+00   0.00000000e+00   0.00000000e+00   0.00000000e+00   -1.60634192e-02  0.00000000e+00  
 1          77         15.62219433      1          1          2          -0.00000000e+00  -3.21268383e-02  0.00000000e+00   0.00000000e+00   3.21268383e-02   0.00000000e+00   0.00000000e+00   0.00000000e+00  
 1          77         15.62219433      1          1          3          -0.00000000e+00  1.60634192e-02   0.00000000e+00   0.00000000e+00   0.00000000e+00   0.00000000e+00   -1.60634192e-02  0.00000000e+00  
 1          78         16.40330405      1          1          1          -0.00000000e+00  1.64388092e-02   0.00000000e+00   0.00000000e+00   0.00000000e+00   0.00000000e+00   -1.64388092e-02  0.00000000e+00  
 1          78         16.40330405      1          1          2          -0.00000000e+00  -3.28776185e-02  0.00000000e+00   0.00000000e+00   3.28776185e-02   0.00000000e+00   0.00000000e+00   0.00000000e+00  
 1          78         16.40330405      1          1          3          -0.00000000e+00  1.64388092e-02   0.00000000e+00   0.00000000e+00   0.00000000e+00   0.00000000e+00   -1.64388092e-02  0.00000000e+00  
 1          79         17.22346925      1          1          1          -0.00000000e+00  1.68239863e-02   0.00000000e+00   0.00000000e+00   0.00000000e+00   0.00000000e+00   -1.68239863e-02  0.00000000e+00  
 1          79         17.22346925      1          1          2          -0.00000000e+00  -3.36479725e-02  0.00000000e+00   0.00000000e+00   3.36479725e-02   0.00000000e+00   0.00000000e+00   0.00000000e+00  
 1          79         17.22346925      1          1          3          -0.00000000e+00  1.68239863e-02   0.00000000e+00   0.00000000e+00   0.00000000e+00   0.00000000e+00   -1.68239863e-02  0.00000000e+00  
 1          80         18.08464272      1          1          1          -0.00000000e+00  1.72191795e-02   0.00000000e+00   0.00000000e+00   0.00000000e+00   0.00000000e+00   -1.72191795e-02  0.00000000e+00  
 1          80         18.08464272      1          1          2          -0.00000000e+00  -3.44383590e-02  0.00000000e+00   0.00000000e+00   3.44383590e-02   0.00000000e+00   0.00000000e+00   -3.92148178e-18 
 1          80         18.08464272      1          1          3          -0.00000000e+00  1.72191795e-02   0.00000000e+00   0.00000000e+00   0.00000000e+00   0.00000000e+00   -1.72191795e-02  0.00000000e+00  
 1          81         18.98887485      1          1          1          -0.00000000e+00  1.76246243e-02   0.00000000e+00   0.00000000e+00   0.00000000e+00   0.00000000e+00   -1.76246243e-02  0.00000000e+00  
 1          81         18.98887485      1          1          2          -0.00000000e+00  -3.52492487e-02  0.00000000e+00   0.00000000e+00   3.52492487e-02   0.00000000e+00   0.00000000e+00   0.00000000e+00  
 1          81         18.98887485      1          1          3          -0.00000000e+00  1.76246243e-02   0.00000000e+00   0.00000000e+00   0.00000000e+00   0.00000000e+00   -1.76246243e-02  0.00000000e+00  
 1          82         19.93831860      1          1          1          -0.00000000e+00  1.80405620e-02   0.00000000e+00   0.00000000e+00   0.00000000e+00   0.00000000e+00   -1.80405620e-02  0.00000000e+00  
 1          82         19.93831860      1          1          2          -0.00000000e+00  -3.60811240e-02  0.00000000e+00   0.00000000e+00   3.60811240e-02   0.00000000e+00   0.00000000e+00   0.00000000e+00  
 1          82         19.93831860      1          1          3          -0.00000000e+00  1.80405620e-02   0.00000000e+00   0.00000000e+00   0.00000000e+00   0.00000000e+00   -1.80405620e-02  0.00000000e+00  
 1          83         20.93523452      1          1          1          -0.00000000e+00  1.84672399e-02   0.00000000e+00   0.00000000e+00   0.00000000e+00   0.00000000e+00   -1.84672399e-02  0.00000000e+00  
 1          83         20.93523452      1          1          2          -0.00000000e+00  -3.69344798e-02  0.00000000e+00   0.00000000e+00   3.69344798e-02   0.00000000e+00   0.00000000e+00   -4.53960535e-18 
 1          83         20.93523452      1          1          3          -0.00000000e+00  1.84672399e-02   0.00000000e+00   0.00000000e+00   0.00000000e+00   0.00000000e+00   -1.84672399e-02  0.00000000e+00  
 1          84         21.98199625      1          1          1          -0.00000000e+00  1.89049121e-02   0.00000000e+00   0.00000000e+00   0.00000000e+00   0.00000000e+00   -1.89049121e-02  0.00000000e+00  
 1          84         21.98199625      1          1          2          -0.00000000e+00  -3.78098241e-02  0.00000000e+00   0.00000000e+00   3.78098241e-02   0.00000000e+00   0.00000000e+00   4.76658562e-18  
 1          84         21.98199625      1          1          3          -0.00000000e+00  1.89049121e-02   0.00000000e+00   0.00000000e+00   0.00000000e+00   0.00000000e+00   -1.89049121e-02  0.00000000e+00  
 1          85         23.08109606      1          1          1          -0.00000000e+00  1.93538388e-02   0.00000000e+00   0.00000000e+00   0.00000000e+00   0.00000000e+00   -1.93538388e-02  0.00000000e+00  
 1          85         23.08109606      1          1          2          -0.00000000e+00  -3.87076776e-02  0.00000000e+00   0.00000000e+00   3.87076776e-02   0.00000000e+00   0.00000000e+00   0.00000000e+00  
 1          85         23.08109606      1          1          3          -0.00000000e+00  1.93538388e-02   0.00000000e+00   0.00000000e+00   0.00000000e+00   0.00000000e+00   -1.93538388e-02  0.00000000e+00  
 1          86         24.23515087      1          1          1          -0.00000000e+00  1.98142873e-02   0.00000000e+00   0.00000000e+00   0.00000000e+00   0.00000000e+00   -1.98142873e-02  0.00000000e+00  
 1          86         24.23515087      1          1          2          -0.00000000e+00  -3.96285746e-02  0.00000000e+00   0.00000000e+00   3.96285746e-02   0.00000000e+00   0.00000000e+00   0.00000000e+00  
 1          86         24.23515087      1          1          3          -0.00000000e+00  1.98142873e-02   0.00000000e+00   0.00000000e+00   0.00000000e+00   0.00000000e+00   -1.98142873e-02  0.00000000e+00  
 1          87         25.44690841      1          1          1          -0.00000000e+00  2.02865314e-02   0.00000000e+00   0.00000000e+00   0.00000000e+00   0.00000000e+00   -2.02865314e-02  0.00000000e+00  
 1          87         25.44690841      1          1          2          -0.00000000e+00  -4.05730628e-02  0.00000000e+00   0.00000000e+00   4.05730628e-02   0.00000000e+00   0.00000000e+00   5.51791868e-18  
 1          87         25.44690841      1          1          3          -0.00000000e+00  2.02865314e-02   0.00000000e+00   0.00000000e+00   0.00000000e+00   0.00000000e+00   -2.02865314e-02  0.00000000e+00  
 1          88         26.71925383      1          1          1          -0.00000000e+00  2.07708521e-02   0.00000000e+00   0.00000000e+00   0.00000000e+00   0.00000000e+00   -2.07708521e-02  0.00000000e+00  
 1          88         26.71925383      1          1          2          -0.00000000e+00  -4.15417043e-02  0.00000000e+00   0.00000000e+00   4.15417043e-02   0.00000000e+00   0.00000000e+00   -5.79381461e-18 
 1          88         26.71925383      1          1          3          -0.00000000e+00  2.07708521e-02   0.00000000e+00   0.00000000e+00   0.00000000e+00   0.00000000e+00   -2.07708521e-02  0.00000000e+00  
 1          89         28.05521652      1          1          1          -0.00000000e+00  2.12675376e-02   0.00000000e+00   0.00000000e+00   0.00000000e+00   0.00000000e+00   -2.12675376e-02  0.00000000e+00  
 1          89         28.05521652      1          1          2          -0.00000000e+00  -4.25350752e-02  0.00000000e+00   0.00000000e+00   4.25350752e-02   0.00000000e+00   0.00000000e+00   6.08350534e-18  
 1          89         28.05521652      1          1          3          -0.00000000e+00  2.12675376e-02   0.00000000e+00   0.00000000e+00   0.00000000e+00   0.00000000e+00   -2.12675376e-02  0.00000000e+00  
 1          90         29.45797735      1          1          1          -0.00000000e+00  2.17768833e-02   0.00000000e+00   0.00000000e+00   0.00000000e+00   0.00000000e+00   -2.17768833e-02  0.00000000e+00  
 1          90         29.45797735      1          1          2          -0.00000000e+00  -4.35537665e-02  0.00000000e+00   0.00000000e+00   4.35537665e-02   0.00000000e+00   0.00000000e+00   0.00000000e+00  
 1          90         29.45797735      1          1          3          -0.00000000e+00  2.17768833e-02   0.00000000e+00   0.00000000e+00   0.00000000e+00   0.00000000e+00   -2.17768833e-02  0.00000000e+00  
 1          91         30.93087622      1          1          1          -0.00000000e+00  2.22991922e-02   0.00000000e+00   0.00000000e+00   0.00000000e+00   0.00000000e+00   -2.22991922e-02  0.00000000e+00  
 1          91         30.93087622      1          1          2          -0.00000000e+00  -4.45983843e-02  0.00000000e+00   0.00000000e+00   4.45983843e-02   0.00000000e+00   0.00000000e+00   0.00000000e+00  
 1          91         30.93087622      1          1          3          -0.00000000e+00  2.22991922e-02   0.00000000e+00   0.00000000e+00   0.00000000e+00   0.00000000e+00   -2.22991922e-02  0.00000000e+00  
 1          92         32.47742003      1          1          1          -0.00000000e+00  2.28347750e-02   0.00000000e+00   0.00000000e+00   0.00000000e+00   0.00000000e+00   -2.28347750e-02  0.00000000e+00  
 1          92         32.47742003      1          1          2          -0.00000000e+00  -4.56695501e-02  0.00000000e+00   0.00000000e+00   4.56695501e-02   0.00000000e+00   0.00000000e+00   0.00000000e+00  
 1          92         32.47742003      1          1          3          -0.00000000e+00  2.28347750e-02   0.00000000e+00   0.00000000e+00   0.00000000e+00   0.00000000e+00   -2.28347750e-02  0.00000000e+00  
 1          93         34.10129103      1          1          1          -0.00000000e+00  2.33839506e-02   0.00000000e+00   0.00000000e+00   0.00000000e+00   0.00000000e+00   -2.33839506e-02  0.00000000e+00  
 1          93         34.10129103      1          1          2          -0.00000000e+00  -4.67679011e-02  0.00000000e+00   0.00000000e+00   4.67679011e-02   0.00000000e+00   0.00000000e+00   0.00000000e+00  
 1          93         34.10129103      1          1          3          -0.00000000e+00  2.33839506e-02   0.00000000e+00   0.00000000e+00   0.00000000e+00   0.00000000e+00   -2.33839506e-02  0.00000000e+00  
 1          94         35.80635558      1          1          1          -0.00000000e+00  2.39470454e-02   0.00000000e+00   0.00000000e+00   0.00000000e+00   0.00000000e+00   -2.39470454e-02  0.00000000e+00  
 1          94         35.80635558      1          1          2          -0.00000000e+00  -4.78940908e-02  0.00000000e+00   0.00000000e+00   4.78940908e-02   0.00000000e+00   0.00000000e+00   -7.76426570e-18 
 1          94         35.80635558      1          1          3          -0.00000000e+00  2.39470454e-02   0.00000000e+00   0.00000000e+00   0.00000000e+00   0.00000000e+00   -2.39470454e-02  0.00000000e+00  
 1          95         37.59667336      1          1          1          -0.00000000e+00  2.45243946e-02   0.00000000e+00   0.00000000e+00   0.00000000e+00   0.00000000e+00   -2.45243946e-02  0.00000000e+00  
 1          95         37.59667336      1          1          2          -0.00000000e+00  -4.90487891e-02  0.00000000e+00   0.00000000e+00   4.90487891e-02   0.00000000e+00   0.00000000e+00   0.00000000e+00  
 1          95         37.59667336      1          1          3          -0.00000000e+00  2.45243946e-02   0.00000000e+00   0.00000000e+00   0.00000000e+00   0.00000000e+00   -2.45243946e-02  0.00000000e+00  
 1          96         39.47650703      1          1          1          -0.00000000e+00  2.51163416e-02   0.00000000e+00   0.00000000e+00   0.00000000e+00   0.00000000e+00   -2.51163416e-02  0.00000000e+00  
 1          96         39.47650703      1          1          2          -0.00000000e+00  -5.02326833e-02  0.00000000e+00   0.00000000e+00   5.02326833e-02   0.00000000e+00   0.00000000e+00   0.00000000e+00  
 1          96         39.47650703      1          1          3          -0.00000000e+00  2.51163416e-02   0.00000000e+00   0.00000000e+00   0.00000000e+00   0.00000000e+00   -2.51163416e-02  0.00000000e+00  
 1          97         41.45033238      1          1          1          -0.00000000e+00  2.57232387e-02   0.00000000e+00   0.00000000e+00   0.00000000e+00   0.00000000e+00   -2.57232387e-02  0.00000000e+00  
 1          97         41.45033238      1          1          2          -0.00000000e+00  -5.14464774e-02  0.00000000e+00   0.00000000e+00   5.14464774e-02   0.00000000e+00   0.00000000e+00   0.00000000e+00  
 1          97         41.45033238      1          1          3          -0.00000000e+00  2.57232387e-02   0.00000000e+00   0.00000000e+00   0.00000000e+00   0.00000000e+00   -2.57232387e-02  0.00000000e+00  
 1          98         43.52284900      1          1          1          -0.00000000e+00  2.63454469e-02   0.00000000e+00   0.00000000e+00   0.00000000e+00   0.00000000e+00   -2.63454469e-02  0.00000000e+00  
 1          98         43.52284900      1          1          2          -0.00000000e+00  -5.26908937e-02  0.00000000e+00   0.00000000e+00   5.26908937e-02   0.00000000e+00   0.00000000e+00   0.00000000e+00  
 1          98         43.52284900      1          1          3          -0.00000000e+00  2.63454469e-02   0.00000000e+00   0.00000000e+00   0.00000000e+00   0.00000000e+00   -2.63454469e-02  0.00000000e+00  
 1          99         45.69899145      1          1          1          -0.00000000e+00  2.69833364e-02   0.00000000e+00   0.00000000e+00   0.00000000e+00   0.00000000e+00   -2.69833364e-02  0.00000000e+00  
 1          99         45.69899145      1          1          2          -0.00000000e+00  -5.39666728e-02  0.00000000e+00   0.00000000e+00   5.39666728e-02   0.00000000e+00   0.00000000e+00   0.00000000e+00  
 1          99         45.69899145      1          1          3          -0.00000000e+00  2.69833364e-02   0.00000000e+00   0.00000000e+00   0.00000000e+00   0.00000000e+00   -2.69833364e-02  0.00000000e+00  
 1          100        47.98394102      1          1          1          -0.00000000e+00  2.76372868e-02   0.00000000e+00   0.00000000e+00   0.00000000e+00   0.00000000e+00   -2.76372868e-02  0.00000000e+00  
 1          100        47.98394102      1          1          2          -0.00000000e+00  -5.52745736e-02  0.00000000e+00   0.00000000e+00   5.52745736e-02   0.00000000e+00   0.00000000e+00   0.00000000e+00  
 1          100        47.98394102      1          1          3          -0.00000000e+00  2.76372868e-02   0.00000000e+00   0.00000000e+00   0.00000000e+00   0.00000000e+00   -2.76372868e-02  0.00000000e+00  
