 IPER  ISTEP           DLEN           ILYR    IROW   ICOL            XCORD               YCORD                      FlowX                    FlowY                   FlowZ
 1          1          0.38313807       1          1          1          0.50000000       -0.50000000      -2.06516061e-02  0.00000000e+00   0.00000000e+00  
 1          1          0.38313807       1          1          2          1.50000000       -0.50000000      2.06516061e-02   0.00000000e+00   0.00000000e+00  
 1          1          0.38313807       1          1          3          2.50000000       -0.50000000      0.00000000e+00   0.00000000e+00   0.00000000e+00  
 1          2          0.40229497       1          1          1          0.50000000       -0.50000000      -1.12735080e-02  0.00000000e+00   0.00000000e+00  
 1          2          0.40229497       1          1          2          1.50000000       -0.50000000      1.12735080e-02   0.00000000e+00   0.00000000e+00  
 1          2          0.40229497       1          1          3          2.50000000       -0.50000000      0.00000000e+00   0.00000000e+00   0.00000000e+00  
 1          3          0.42240972       1          1          1          0.50000000       -0.50000000      -8.92233952e-03  0.00000000e+00   0.00000000e+00  
 1          3          0.42240972       1          1          2          1.50000000       -0.50000000      8.92233952e-03   0.00000000e+00   0.00000000e+00  
 1          3          0.42240972       1          1          3          2.50000000       -0.50000000      0.00000000e+00   0.00000000e+00   0.00000000e+00  
 1          4          0.44353021       1          1          1          0.50000000       -0.50000000      -7.75283246e-03  0.00000000e+00   0.00000000e+00  
 1          4          0.44353021       1          1          2          1.50000000       -0.50000000      7.75283246e-03   0.00000000e+00   0.00000000e+00  
 1          4          0.44353021       1          1          3          2.50000000       -0.50000000      0.00000000e+00   0.00000000e+00   0.00000000e+00  
 1          5          0.46570672       1          1          1          0.50000000       -0.50000000      -7.04654817e-03  0.00000000e+00   0.00000000e+00  
 1          5          0.46570672       1          1          2          1.50000000       -0.50000000      7.04654817e-03   0.00000000e+00   0.00000000e+00  
 1          5          0.46570672       1          1          3          2.50000000       -0.50000000      0.00000000e+00   0.00000000e+00   0.00000000e+00  
 1          6          0.48899205       1          1          1          0.50000000       -0.50000000      -6.57853534e-03  0.00000000e+00   0.00000000e+00  
 1          6          0.48899205       1          1          2          1.50000000       -0.50000000      6.57853534e-03   0.00000000e+00   0.00000000e+00  
 1          6          0.48899205       1          1          3          2.50000000       -0.50000000      0.00000000e+00   0.00000000e+00   0.00000000e+00  
 1          7          0.51344166       1          1          1          0.50000000       -0.50000000      -6.25161450e-03  0.00000000e+00   0.00000000e+00  
 1          7          0.51344166       1          1          2          1.50000000       -0.50000000      6.25161450e-03   0.00000000e+00   0.00000000e+00  
 1          7          0.51344166       1          1          3          2.50000000       -0.50000000      0.00000000e+00   0.00000000e+00   0.00000000e+00  
 1          8          0.53911374       1          1          1          0.50000000       -0.50000000      -6.01622836e-03  0.00000000e+00   0.00000000e+00  
 1          8          0.53911374       1          1          2          1.50000000       -0.50000000      6.01622836e-03   0.00000000e+00   0.00000000e+00  
 1          8          0.53911374       1          1          3          2.50000000       -0.50000000      0.00000000e+00   0.00000000e+00   0.00000000e+00  
 1          9          0.56606943       1          1          1          0.50000000       -0.50000000      -5.84423903e-03  0.00000000e+00   0.00000000e+00  
 1          9          0.56606943       1          1          2          1.50000000       -0.50000000      5.84423903e-03   0.00000000e+00   0.00000000e+00  
 1          9          0.56606943       1          1          3          2.50000000       -0.50000000      0.00000000e+00   0.00000000e+00   0.00000000e+00  
 1          10         0.59437290       1          1          1          0.50000000       -0.50000000      -5.71838697e-03  0.00000000e+00   0.00000000e+00  
 1          10         0.59437290       1          1          2          1.50000000       -0.50000000      5.71838697e-03   0.00000000e+00   0.00000000e+00  
 1          10         0.59437290       1          1          3          2.50000000       -0.50000000      0.00000000e+00   0.00000000e+00   0.00000000e+00  
 1          11         0.62409154       1          1          1          0.50000000       -0.50000000      -5.62744460e-03  0.00000000e+00   0.00000000e+00  
 1          11         0.62409154       1          1          2          1.50000000       -0.50000000      5.62744460e-03   0.00000000e+00   0.00000000e+00  
 1          11         0.62409154       1          1          3          2.50000000       -0.50000000      0.00000000e+00   0.00000000e+00   0.00000000e+00  
 1          12         0.65529612       1          1          1          0.50000000       -0.50000000      -5.56376221e-03  0.00000000e+00   0.00000000e+00  
 1          12         0.65529612       1          1          2          1.50000000       -0.50000000      5.56376221e-03   0.00000000e+00   0.00000000e+00  
 1          12         0.65529612       1          1          3          2.50000000       -0.50000000      0.00000000e+00   0.00000000e+00   0.00000000e+00  
 1          13         0.68806093       1          1          1          0.50000000       -0.50000000      -5.52192734e-03  0.00000000e+00   0.00000000e+00  
 1          13         0.68806093       1          1          2          1.50000000       -0.50000000      5.52192734e-03   0.00000000e+00   0.00000000e+00  
 1          13         0.68806093       1          1          3          2.50000000       -0.50000000      0.00000000e+00   0.00000000e+00   0.00000000e+00  
 1          14         0.72246397       1          1          1          0.50000000       -0.50000000      -5.49798890e-03  0.00000000e+00   0.00000000e+00  
 1          14         0.72246397       1          1          2          1.50000000       -0.50000000      5.49798890e-03   0.00000000e+00   0.00000000e+00  
 1          14         0.72246397       1          1          3          2.50000000       -0.50000000      0.00000000e+00   0.00000000e+00   0.00000000e+00  
 1          15         0.75858717       1          1          1          0.50000000       -0.50000000      -5.48898531e-03  0.00000000e+00   0.00000000e+00  
 1          15         0.75858717       1          1          2          1.50000000       -0.50000000      5.48898531e-03   0.00000000e+00   0.00000000e+00  
 1          15         0.75858717       1          1          3          2.50000000       -0.50000000      0.00000000e+00   0.00000000e+00   0.00000000e+00  
 1          16         0.79651653       1          1          1          0.50000000       -0.50000000      -5.49264666e-03  0.00000000e+00   0.00000000e+00  
 1          16         0.79651653       1          1          2          1.50000000       -0.50000000      5.49264666e-03   0.00000000e+00   0.00000000e+00  
 1          16         0.79651653       1          1          3          2.50000000       -0.50000000      0.00000000e+00   0.00000000e+00   0.00000000e+00  
 1          17         0.83634236       1          1          1          0.50000000       -0.50000000      -5.50719957e-03  0.00000000e+00   0.00000000e+00  
 1          17         0.83634236       1          1          2          1.50000000       -0.50000000      5.50719957e-03   0.00000000e+00   0.00000000e+00  
 1          17         0.83634236       1          1          3          2.50000000       -0.50000000      0.00000000e+00   0.00000000e+00   0.00000000e+00  
 1          18         0.87815947       1          1          1          0.50000000       -0.50000000      -5.53124441e-03  0.00000000e+00   0.00000000e+00  
 1          18         0.87815947       1          1          2          1.50000000       -0.50000000      5.53124441e-03   0.00000000e+00   0.00000000e+00  
 1          18         0.87815947       1          1          3          2.50000000       -0.50000000      0.00000000e+00   0.00000000e+00   0.00000000e+00  
 1          19         0.92206745       1          1          1          0.50000000       -0.50000000      -5.56362696e-03  0.00000000e+00   0.00000000e+00  
 1          19         0.92206745       1          1          2          1.50000000       -0.50000000      5.56362696e-03   0.00000000e+00   0.00000000e+00  
 1          19         0.92206745       1          1          3          2.50000000       -0.50000000      0.00000000e+00   0.00000000e+00   0.00000000e+00  
 1          20         0.96817082       1          1          1          0.50000000       -0.50000000      -5.60345529e-03  0.00000000e+00   0.00000000e+00  
 1          20         0.96817082       1          1          2          1.50000000       -0.50000000      5.60345529e-03   0.00000000e+00   0.00000000e+00  
 1          20         0.96817082       1          1          3          2.50000000       -0.50000000      0.00000000e+00   0.00000000e+00   0.00000000e+00  
 1          21         1.01657936       1          1          1          0.50000000       -0.50000000      -5.64997180e-03  0.00000000e+00   0.00000000e+00  
 1          21         1.01657936       1          1          2          1.50000000       -0.50000000      5.64997180e-03   0.00000000e+00   0.00000000e+00  
 1          21         1.01657936       1          1          3          2.50000000       -0.50000000      0.00000000e+00   0.00000000e+00   0.00000000e+00  
 1          22         1.06740833       1          1          1          0.50000000       -0.50000000      -5.70255139e-03  0.00000000e+00   0.00000000e+00  
 1          22         1.06740833       1          1          2          1.50000000       -0.50000000      5.70255139e-03   0.00000000e+00   0.00000000e+00  
 1          22         1.06740833       1          1          3          2.50000000       -0.50000000      0.00000000e+00   0.00000000e+00   0.00000000e+00  
 1          23         1.12077875       1          1          1          0.50000000       -0.50000000      -5.76068827e-03  0.00000000e+00   0.00000000e+00  
 1          23         1.12077875       1          1          2          1.50000000       -0.50000000      5.76068827e-03   0.00000000e+00   0.00000000e+00  
 1          23         1.12077875       1          1          3          2.50000000       -0.50000000      0.00000000e+00   0.00000000e+00   0.00000000e+00  
 1          24         1.17681768       1          1          1          0.50000000       -0.50000000      -5.82397160e-03  0.00000000e+00   0.00000000e+00  
 1          24         1.17681768       1          1          2          1.50000000       -0.50000000      5.82397160e-03   0.00000000e+00   0.00000000e+00  
 1          24         1.17681768       1          1          3          2.50000000       -0.50000000      0.00000000e+00   0.00000000e+00   0.00000000e+00  
 1          25         1.23565857       1          1          1          0.50000000       -0.50000000      -5.89206585e-03  0.00000000e+00   0.00000000e+00  
 1          25         1.23565857       1          1          2          1.50000000       -0.50000000      5.89206585e-03   0.00000000e+00   0.00000000e+00  
 1          25         1.23565857       1          1          3          2.50000000       -0.50000000      0.00000000e+00   0.00000000e+00   0.00000000e+00  
 1          26         1.29744149       1          1          1          0.50000000       -0.50000000      -5.96469850e-03  0.00000000e+00   0.00000000e+00  
 1          26         1.29744149       1          1          2          1.50000000       -0.50000000      5.96469850e-03   0.00000000e+00   0.00000000e+00  
 1          26         1.29744149       1          1          3          2.50000000       -0.50000000      0.00000000e+00   0.00000000e+00   0.00000000e+00  
 1          27         1.36231357       1          1          1          0.50000000       -0.50000000      -6.04164003e-03  0.00000000e+00   0.00000000e+00  
 1          27         1.36231357       1          1          2          1.50000000       -0.50000000      6.04164003e-03   0.00000000e+00   0.00000000e+00  
 1          27         1.36231357       1          1          3          2.50000000       -0.50000000      0.00000000e+00   0.00000000e+00   0.00000000e+00  
 1          28         1.43042925       1          1          1          0.50000000       -0.50000000      -6.12273372e-03  0.00000000e+00   0.00000000e+00  
 1          28         1.43042925       1          1          2          1.50000000       -0.50000000      6.12273372e-03   0.00000000e+00   0.00000000e+00  
 1          28         1.43042925       1          1          3          2.50000000       -0.50000000      0.00000000e+00   0.00000000e+00   0.00000000e+00  
 1          29         1.50195071       1          1          1          0.50000000       -0.50000000      -6.20784888e-03  0.00000000e+00   0.00000000e+00  
 1          29         1.50195071       1          1          2          1.50000000       -0.50000000      6.20784888e-03   0.00000000e+00   0.00000000e+00  
 1          29         1.50195071       1          1          3          2.50000000       -0.50000000      0.00000000e+00   0.00000000e+00   0.00000000e+00  
 1          30         1.57704825       1          1          1          0.50000000       -0.50000000      -6.29688264e-03  0.00000000e+00   0.00000000e+00  
 1          30         1.57704825       1          1          2          1.50000000       -0.50000000      6.29688264e-03   0.00000000e+00   0.00000000e+00  
 1          30         1.57704825       1          1          3          2.50000000       -0.50000000      0.00000000e+00   0.00000000e+00   0.00000000e+00  
 1          31         1.65590066       1          1          1          0.50000000       -0.50000000      -6.38978037e-03  0.00000000e+00   0.00000000e+00  
 1          31         1.65590066       1          1          2          1.50000000       -0.50000000      6.38978037e-03   0.00000000e+00   0.00000000e+00  
 1          31         1.65590066       1          1          3          2.50000000       -0.50000000      0.00000000e+00   0.00000000e+00   0.00000000e+00  
 1          32         1.73869569       1          1          1          0.50000000       -0.50000000      -6.48650409e-03  0.00000000e+00   0.00000000e+00  
 1          32         1.73869569       1          1          2          1.50000000       -0.50000000      6.48650409e-03   0.00000000e+00   0.00000000e+00  
 1          32         1.73869569       1          1          3          2.50000000       -0.50000000      0.00000000e+00   0.00000000e+00   0.00000000e+00  
 1          33         1.82563048       1          1          1          0.50000000       -0.50000000      -6.58704356e-03  0.00000000e+00   0.00000000e+00  
 1          33         1.82563048       1          1          2          1.50000000       -0.50000000      6.58704356e-03   0.00000000e+00   0.00000000e+00  
 1          33         1.82563048       1          1          3          2.50000000       -0.50000000      0.00000000e+00   0.00000000e+00   0.00000000e+00  
 1          34         1.91691200       1          1          1          0.50000000       -0.50000000      -6.69139831e-03  0.00000000e+00   0.00000000e+00  
 1          34         1.91691200       1          1          2          1.50000000       -0.50000000      6.69139831e-03   0.00000000e+00   0.00000000e+00  
 1          34         1.91691200       1          1          3          2.50000000       -0.50000000      0.00000000e+00   0.00000000e+00   0.00000000e+00  
 1          35         2.01275760       1          1          1          0.50000000       -0.50000000      -6.79959426e-03  0.00000000e+00   0.00000000e+00  
 1          35         2.01275760       1          1          2          1.50000000       -0.50000000      6.79959426e-03   0.00000000e+00   0.00000000e+00  
 1          35         2.01275760       1          1          3          2.50000000       -0.50000000      0.00000000e+00   0.00000000e+00   0.00000000e+00  
 1          36         2.11339548       1          1          1          0.50000000       -0.50000000      -6.91166965e-03  0.00000000e+00   0.00000000e+00  
 1          36         2.11339548       1          1          2          1.50000000       -0.50000000      6.91166965e-03   0.00000000e+00   0.00000000e+00  
 1          36         2.11339548       1          1          3          2.50000000       -0.50000000      0.00000000e+00   0.00000000e+00   0.00000000e+00  
 1          37         2.21906525       1          1          1          0.50000000       -0.50000000      -7.02767374e-03  0.00000000e+00   0.00000000e+00  
 1          37         2.21906525       1          1          2          1.50000000       -0.50000000      7.02767374e-03   0.00000000e+00   0.00000000e+00  
 1          37         2.21906525       1          1          3          2.50000000       -0.50000000      0.00000000e+00   0.00000000e+00   0.00000000e+00  
 1          38         2.33001852       1          1          1          0.50000000       -0.50000000      -7.14766224e-03  0.00000000e+00   0.00000000e+00  
 1          38         2.33001852       1          1          2          1.50000000       -0.50000000      7.14766224e-03   0.00000000e+00   0.00000000e+00  
 1          38         2.33001852       1          1          3          2.50000000       -0.50000000      0.00000000e+00   0.00000000e+00   0.00000000e+00  
 1          39         2.44651944       1          1          1          0.50000000       -0.50000000      -7.27170698e-03  0.00000000e+00   0.00000000e+00  
 1          39         2.44651944       1          1          2          1.50000000       -0.50000000      7.27170698e-03   0.00000000e+00   0.00000000e+00  
 1          39         2.44651944       1          1          3          2.50000000       -0.50000000      0.00000000e+00   0.00000000e+00   0.00000000e+00  
 1          40         2.56884541       1          1          1          0.50000000       -0.50000000      -7.39988227e-03  0.00000000e+00   0.00000000e+00  
 1          40         2.56884541       1          1          2          1.50000000       -0.50000000      7.39988227e-03   0.00000000e+00   0.00000000e+00  
 1          40         2.56884541       1          1          3          2.50000000       -0.50000000      0.00000000e+00   0.00000000e+00   0.00000000e+00  
 1          41         2.69728768       1          1          1          0.50000000       -0.50000000      -7.53226819e-03  0.00000000e+00   0.00000000e+00  
 1          41         2.69728768       1          1          2          1.50000000       -0.50000000      7.53226819e-03   0.00000000e+00   0.00000000e+00  
 1          41         2.69728768       1          1          3          2.50000000       -0.50000000      0.00000000e+00   0.00000000e+00   0.00000000e+00  
 1          42         2.83215207       1          1          1          0.50000000       -0.50000000      -7.66895220e-03  0.00000000e+00   0.00000000e+00  
 1          42         2.83215207       1          1          2          1.50000000       -0.50000000      7.66895220e-03   0.00000000e+00   0.00000000e+00  
 1          42         2.83215207       1          1          3          2.50000000       -0.50000000      0.00000000e+00   0.00000000e+00   0.00000000e+00  
 1          43         2.97375967       1          1          1          0.50000000       -0.50000000      -7.81002590e-03  0.00000000e+00   0.00000000e+00  
 1          43         2.97375967       1          1          2          1.50000000       -0.50000000      7.81002590e-03   0.00000000e+00   0.00000000e+00  
 1          43         2.97375967       1          1          3          2.50000000       -0.50000000      0.00000000e+00   0.00000000e+00   0.00000000e+00  
 1          44         3.12244766       1          1          1          0.50000000       -0.50000000      -7.95558382e-03  0.00000000e+00   0.00000000e+00  
 1          44         3.12244766       1          1          2          1.50000000       -0.50000000      7.95558382e-03   0.00000000e+00   0.00000000e+00  
 1          44         3.12244766       1          1          3          2.50000000       -0.50000000      0.00000000e+00   0.00000000e+00   0.00000000e+00  
 1          45         3.27857004       1          1          1          0.50000000       -0.50000000      -8.10572441e-03  0.00000000e+00   0.00000000e+00  
 1          45         3.27857004       1          1          2          1.50000000       -0.50000000      8.10572441e-03   0.00000000e+00   0.00000000e+00  
 1          45         3.27857004       1          1          3          2.50000000       -0.50000000      0.00000000e+00   0.00000000e+00   0.00000000e+00  
 1          46         3.44249854       1          1          1          0.50000000       -0.50000000      -8.26054944e-03  0.00000000e+00   0.00000000e+00  
 1          46         3.44249854       1          1          2          1.50000000       -0.50000000      8.26054944e-03   0.00000000e+00   0.00000000e+00  
 1          46         3.44249854       1          1          3          2.50000000       -0.50000000      0.00000000e+00   0.00000000e+00   0.00000000e+00  
 1          47         3.61462347       1          1          1          0.50000000       -0.50000000      -8.42016311e-03  0.00000000e+00   0.00000000e+00  
 1          47         3.61462347       1          1          2          1.50000000       -0.50000000      8.42016311e-03   0.00000000e+00   0.00000000e+00  
 1          47         3.61462347       1          1          3          2.50000000       -0.50000000      0.00000000e+00   0.00000000e+00   0.00000000e+00  
 1          48         3.79535464       1          1          1          0.50000000       -0.50000000      -8.58467231e-03  0.00000000e+00   0.00000000e+00  
 1          48         3.79535464       1          1          2          1.50000000       -0.50000000      8.58467231e-03   0.00000000e+00   0.00000000e+00  
 1          48         3.79535464       1          1          3          2.50000000       -0.50000000      0.00000000e+00   0.00000000e+00   0.00000000e+00  
 1          49         3.98512237       1          1          1          0.50000000       -0.50000000      -8.75418638e-03  0.00000000e+00   0.00000000e+00  
 1          49         3.98512237       1          1          2          1.50000000       -0.50000000      8.75418638e-03   0.00000000e+00   0.00000000e+00  
 1          49         3.98512237       1          1          3          2.50000000       -0.50000000      0.00000000e+00   0.00000000e+00   0.00000000e+00  
 1          50         4.18437849       1          1          1          0.50000000       -0.50000000      -8.92881716e-03  0.00000000e+00   0.00000000e+00  
 1          50         4.18437849       1          1          2          1.50000000       -0.50000000      8.92881716e-03   0.00000000e+00   0.00000000e+00  
 1          50         4.18437849       1          1          3          2.50000000       -0.50000000      0.00000000e+00   0.00000000e+00   0.00000000e+00  
 1          51         4.39359742       1          1          1          0.50000000       -0.50000000      -9.10867882e-03  0.00000000e+00   0.00000000e+00  
 1          51         4.39359742       1          1          2          1.50000000       -0.50000000      9.10867882e-03   0.00000000e+00   0.00000000e+00  
 1          51         4.39359742       1          1          3          2.50000000       -0.50000000      0.00000000e+00   0.00000000e+00   0.00000000e+00  
 1          52         4.61327729       1          1          1          0.50000000       -0.50000000      -9.29388794e-03  0.00000000e+00   0.00000000e+00  
 1          52         4.61327729       1          1          2          1.50000000       -0.50000000      9.29388794e-03   0.00000000e+00   0.00000000e+00  
 1          52         4.61327729       1          1          3          2.50000000       -0.50000000      0.00000000e+00   0.00000000e+00   0.00000000e+00  
 1          53         4.84394115       1          1          1          0.50000000       -0.50000000      -9.48456360e-03  0.00000000e+00   0.00000000e+00  
 1          53         4.84394115       1          1          2          1.50000000       -0.50000000      9.48456360e-03   0.00000000e+00   0.00000000e+00  
 1          53         4.84394115       1          1          3          2.50000000       -0.50000000      0.00000000e+00   0.00000000e+00   0.00000000e+00  
 1          54         5.08613821       1          1          1          0.50000000       -0.50000000      -9.68082734e-03  0.00000000e+00   0.00000000e+00  
 1          54         5.08613821       1          1          2          1.50000000       -0.50000000      9.68082734e-03   0.00000000e+00   0.00000000e+00  
 1          54         5.08613821       1          1          3          2.50000000       -0.50000000      0.00000000e+00   0.00000000e+00   0.00000000e+00  
 1          55         5.34044512       1          1          1          0.50000000       -0.50000000      -9.88280334e-03  0.00000000e+00   0.00000000e+00  
 1          55         5.34044512       1          1          2          1.50000000       -0.50000000      9.88280334e-03   0.00000000e+00   0.00000000e+00  
 1          55         5.34044512       1          1          3          2.50000000       -0.50000000      0.00000000e+00   0.00000000e+00   0.00000000e+00  
 1          56         5.60746738       1          1          1          0.50000000       -0.50000000      -1.00906186e-02  0.00000000e+00   0.00000000e+00  
 1          56         5.60746738       1          1          2          1.50000000       -0.50000000      1.00906186e-02   0.00000000e+00   0.00000000e+00  
 1          56         5.60746738       1          1          3          2.50000000       -0.50000000      0.00000000e+00   0.00000000e+00   0.00000000e+00  
 1          57         5.88784074       1          1          1          0.50000000       -0.50000000      -1.03044027e-02  0.00000000e+00   0.00000000e+00  
 1          57         5.88784074       1          1          2          1.50000000       -0.50000000      1.03044027e-02   0.00000000e+00   0.00000000e+00  
 1          57         5.88784074       1          1          3          2.50000000       -0.50000000      0.00000000e+00   0.00000000e+00   0.00000000e+00  
 1          58         6.18223278       1          1          1          0.50000000       -0.50000000      -1.05242879e-02  0.00000000e+00   0.00000000e+00  
 1          58         6.18223278       1          1          2          1.50000000       -0.50000000      1.05242879e-02   0.00000000e+00   0.00000000e+00  
 1          58         6.18223278       1          1          3          2.50000000       -0.50000000      0.00000000e+00   0.00000000e+00   0.00000000e+00  
 1          59         6.49134442       1          1          1          0.50000000       -0.50000000      -1.07504107e-02  0.00000000e+00   0.00000000e+00  
 1          59         6.49134442       1          1          2          1.50000000       -0.50000000      1.07504107e-02   0.00000000e+00   0.00000000e+00  
 1          59         6.49134442       1          1          3          2.50000000       -0.50000000      0.00000000e+00   0.00000000e+00   0.00000000e+00  
 1          60         6.81591164       1          1          1          0.50000000       -0.50000000      -1.09829089e-02  0.00000000e+00   0.00000000e+00  
 1          60         6.81591164       1          1          2          1.50000000       -0.50000000      1.09829089e-02   0.00000000e+00   0.00000000e+00  
 1          60         6.81591164       1          1          3          2.50000000       -0.50000000      0.00000000e+00   0.00000000e+00   0.00000000e+00  
 1          61         7.15670722       1          1          1          0.50000000       -0.50000000      -1.12219256e-02  0.00000000e+00   0.00000000e+00  
 1          61         7.15670722       1          1          2          1.50000000       -0.50000000      1.12219256e-02   0.00000000e+00   0.00000000e+00  
 1          61         7.15670722       1          1          3          2.50000000       -0.50000000      0.00000000e+00   0.00000000e+00   0.00000000e+00  
 1          62         7.51454258       1          1          1          0.50000000       -0.50000000      -1.14676080e-02  0.00000000e+00   0.00000000e+00  
 1          62         7.51454258       1          1          2          1.50000000       -0.50000000      1.14676080e-02   0.00000000e+00   0.00000000e+00  
 1          62         7.51454258       1          1          3          2.50000000       -0.50000000      0.00000000e+00   0.00000000e+00   0.00000000e+00  
 1          63         7.89026971       1          1          1          0.50000000       -0.50000000      -1.17200992e-02  0.00000000e+00   0.00000000e+00  
 1          63         7.89026971       1          1          2          1.50000000       -0.50000000      1.17200992e-02   0.00000000e+00   0.00000000e+00  
 1          63         7.89026971       1          1          3          2.50000000       -0.50000000      0.00000000e+00   0.00000000e+00   0.00000000e+00  
 1          64         8.28478320       1          1          1          0.50000000       -0.50000000      -1.19795580e-02  0.00000000e+00   0.00000000e+00  
 1          64         8.28478320       1          1          2          1.50000000       -0.50000000      1.19795580e-02   0.00000000e+00   0.00000000e+00  
 1          64         8.28478320       1          1          3          2.50000000       -0.50000000      0.00000000e+00   0.00000000e+00   0.00000000e+00  
 1          65         8.69902236       1          1          1          0.50000000       -0.50000000      -1.22461392e-02  0.00000000e+00   0.00000000e+00  
 1          65         8.69902236       1          1          2          1.50000000       -0.50000000      1.22461392e-02   0.00000000e+00   0.00000000e+00  
 1          65         8.69902236       1          1          3          2.50000000       -0.50000000      0.00000000e+00   0.00000000e+00   0.00000000e+00  
 1          66         9.13397348       1          1          1          0.50000000       -0.50000000      -1.25200121e-02  0.00000000e+00   0.00000000e+00  
 1          66         9.13397348       1          1          2          1.50000000       -0.50000000      1.25200121e-02   0.00000000e+00   0.00000000e+00  
 1          66         9.13397348       1          1          3          2.50000000       -0.50000000      0.00000000e+00   0.00000000e+00   0.00000000e+00  
 1          67         9.59067215       1          1          1          0.50000000       -0.50000000      -1.28013144e-02  0.00000000e+00   0.00000000e+00  
 1          67         9.59067215       1          1          2          1.50000000       -0.50000000      1.28013144e-02   0.00000000e+00   0.00000000e+00  
 1          67         9.59067215       1          1          3          2.50000000       -0.50000000      0.00000000e+00   0.00000000e+00   0.00000000e+00  
 1          68         10.07020576      1          1          1          0.50000000       -0.50000000      -1.30902420e-02  0.00000000e+00   0.00000000e+00  
 1          68         10.07020576      1          1          2          1.50000000       -0.50000000      1.30902420e-02   0.00000000e+00   0.00000000e+00  
 1          68         10.07020576      1          1          3          2.50000000       -0.50000000      0.00000000e+00   0.00000000e+00   0.00000000e+00  
 1          69         10.57371605      1          1          1          0.50000000       -0.50000000      -1.33869590e-02  0.00000000e+00   0.00000000e+00  
 1          69         10.57371605      1          1          2          1.50000000       -0.50000000      1.33869590e-02   0.00000000e+00   0.00000000e+00  
 1          69         10.57371605      1          1          3          2.50000000       -0.50000000      0.00000000e+00   0.00000000e+00   0.00000000e+00  
 1          70         11.10240185      1          1          1          0.50000000       -0.50000000      -1.36916432e-02  0.00000000e+00   0.00000000e+00  
 1          70         11.10240185      1          1          2          1.50000000       -0.50000000      1.36916432e-02   0.00000000e+00   0.00000000e+00  
 1          70         11.10240185      1          1          3          2.50000000       -0.50000000      0.00000000e+00   0.00000000e+00   0.00000000e+00  
 1          71         11.65752194      1          1          1          0.50000000       -0.50000000      -1.40044762e-02  0.00000000e+00   0.00000000e+00  
 1          71         11.65752194      1          1          2          1.50000000       -0.50000000      1.40044762e-02   0.00000000e+00   0.00000000e+00  
 1          71         11.65752194      1          1          3          2.50000000       -0.50000000      0.00000000e+00   0.00000000e+00   0.00000000e+00  
 1          72         12.24039804      1          1          1          0.50000000       -0.50000000      -1.43256456e-02  0.00000000e+00   0.00000000e+00  
 1          72         12.24039804      1          1          2          1.50000000       -0.50000000      1.43256456e-02   0.00000000e+00   0.00000000e+00  
 1          72         12.24039804      1          1          3          2.50000000       -0.50000000      0.00000000e+00   0.00000000e+00   0.00000000e+00  
 1          73         12.85241794      1          1          1          0.50000000       -0.50000000      -1.46553426e-02  0.00000000e+00   0.00000000e+00  
 1          73         12.85241794      1          1          2          1.50000000       -0.50000000      1.46553426e-02   0.00000000e+00   0.00000000e+00  
 1          73         12.85241794      1          1          3          2.50000000       -0.50000000      0.00000000e+00   0.00000000e+00   0.00000000e+00  
 1          74         13.49503884      1          1          1          0.50000000       -0.50000000      -1.49937640e-02  0.00000000e+00   0.00000000e+00  
 1          74         13.49503884      1          1          2          1.50000000       -0.50000000      1.49937640e-02   0.00000000e+00   0.00000000e+00  
 1          74         13.49503884      1          1          3          2.50000000       -0.50000000      0.00000000e+00   0.00000000e+00   0.00000000e+00  
 1          75         14.16979078      1          1          1          0.50000000       -0.50000000      -1.53411116e-02  0.00000000e+00   0.00000000e+00  
 1          75         14.16979078      1          1          2          1.50000000       -0.50000000      1.53411116e-02   0.00000000e+00   0.00000000e+00  
 1          75         14.16979078      1          1          3          2.50000000       -0.50000000      0.00000000e+00   0.00000000e+00   0.00000000e+00  
 1          76         14.87828032      1          1          1          0.50000000       -0.50000000      -1.56975926e-02  0.00000000e+00   0.00000000e+00  
 1          76         14.87828032      1          1          2          1.50000000       -0.50000000      1.56975926e-02   0.00000000e+00   0.00000000e+00  
 1          76         14.87828032      1          1          3          2.50000000       -0.50000000      0.00000000e+00   0.00000000e+00   0.00000000e+00  
 1          77         15.62219433      1          1          1          0.50000000       -0.50000000      -1.60634192e-02  0.00000000e+00   0.00000000e+00  
 1          77         15.62219433      1          1          2          1.50000000       -0.50000000      1.60634192e-02   0.00000000e+00   0.00000000e+00  
 1          77         15.62219433      1          1          3          2.50000000       -0.50000000      0.00000000e+00   0.00000000e+00   0.00000000e+00  
 1          78         16.40330405      1          1          1          0.50000000       -0.50000000      -1.64388092e-02  0.00000000e+00   0.00000000e+00  
 1          78         16.40330405      1          1          2          1.50000000       -0.50000000      1.64388092e-02   0.00000000e+00   0.00000000e+00  
 1          78         16.40330405      1          1          3          2.50000000       -0.50000000      0.00000000e+00   0.00000000e+00   0.00000000e+00  
 1          79         17.22346925      1          1          1          0.50000000       -0.50000000      -1.68239863e-02  0.00000000e+00   0.00000000e+00  
 1          79         17.22346925      1          1          2          1.50000000       -0.50000000      1.68239863e-02   0.00000000e+00   0.00000000e+00  
 1          79         17.22346925      1          1          3          2.50000000       -0.50000000      0.00000000e+00   0.00000000e+00   0.00000000e+00  
 1          80         18.08464272      1          1          1          0.50000000       -0.50000000      -1.72191795e-02  0.00000000e+00   0.00000000e+00  
 1          80         18.08464272      1          1          2          1.50000000       -0.50000000      1.72191795e-02   0.00000000e+00   0.00000000e+00  
 1          80         18.08464272      1          1          3          2.50000000       -0.50000000      0.00000000e+00   0.00000000e+00   0.00000000e+00  
 1          81         18.98887485      1          1          1          0.50000000       -0.50000000      -1.76246243e-02  0.00000000e+00   0.00000000e+00  
 1          81         18.98887485      1          1          2          1.50000000       -0.50000000      1.76246243e-02   0.00000000e+00   0.00000000e+00  
 1          81         18.98887485      1          1          3          2.50000000       -0.50000000      0.00000000e+00   0.00000000e+00   0.00000000e+00  
 1          82         19.93831860      1          1          1          0.50000000       -0.50000000      -1.80405620e-02  0.00000000e+00   0.00000000e+00  
 1          82         19.93831860      1          1          2          1.50000000       -0.50000000      1.80405620e-02   0.00000000e+00   0.00000000e+00  
 1          82         19.93831860      1          1          3          2.50000000       -0.50000000      0.00000000e+00   0.00000000e+00   0.00000000e+00  
 1          83         20.93523452      1          1          1          0.50000000       -0.50000000      -1.84672399e-02  0.00000000e+00   0.00000000e+00  
 1          83         20.93523452      1          1          2          1.50000000       -0.50000000      1.84672399e-02   0.00000000e+00   0.00000000e+00  
 1          83         20.93523452      1          1          3          2.50000000       -0.50000000      0.00000000e+00   0.00000000e+00   0.00000000e+00  
 1          84         21.98199625      1          1          1          0.50000000       -0.50000000      -1.89049121e-02  0.00000000e+00   0.00000000e+00  
 1          84         21.98199625      1          1          2          1.50000000       -0.50000000      1.89049121e-02   0.00000000e+00   0.00000000e+00  
 1          84         21.98199625      1          1          3          2.50000000       -0.50000000      0.00000000e+00   0.00000000e+00   0.00000000e+00  
 1          85         23.08109606      1          1          1          0.50000000       -0.50000000      -1.93538388e-02  0.00000000e+00   0.00000000e+00  
 1          85         23.08109606      1          1          2          1.50000000       -0.50000000      1.93538388e-02   0.00000000e+00   0.00000000e+00  
 1          85         23.08109606      1          1          3          2.50000000       -0.50000000      0.00000000e+00   0.00000000e+00   0.00000000e+00  
 1          86         24.23515087      1          1          1          0.50000000       -0.50000000      -1.98142873e-02  0.00000000e+00   0.00000000e+00  
 1          86         24.23515087      1          1          2          1.50000000       -0.50000000      1.98142873e-02   0.00000000e+00   0.00000000e+00  
 1          86         24.23515087      1          1          3          2.50000000       -0.50000000      0.00000000e+00   0.00000000e+00   0.00000000e+00  
 1          87         25.44690841      1          1          1          0.50000000       -0.50000000      -2.02865314e-02  0.00000000e+00   0.00000000e+00  
 1          87         25.44690841      1          1          2          1.50000000       -0.50000000      2.02865314e-02   0.00000000e+00   0.00000000e+00  
 1          87         25.44690841      1          1          3          2.50000000       -0.50000000      0.00000000e+00   0.00000000e+00   0.00000000e+00  
 1          88         26.71925383      1          1          1          0.50000000       -0.50000000      -2.07708521e-02  0.00000000e+00   0.00000000e+00  
 1          88         26.71925383      1          1          2          1.50000000       -0.50000000      2.07708521e-02   0.00000000e+00   0.00000000e+00  
 1          88         26.71925383      1          1          3          2.50000000       -0.50000000      0.00000000e+00   0.00000000e+00   0.00000000e+00  
 1          89         28.05521652      1          1          1          0.50000000       -0.50000000      -2.12675376e-02  0.00000000e+00   0.00000000e+00  
 1          89         28.05521652      1          1          2          1.50000000       -0.50000000      2.12675376e-02   0.00000000e+00   0.00000000e+00  
 1          89         28.05521652      1          1          3          2.50000000       -0.50000000      0.00000000e+00   0.00000000e+00   0.00000000e+00  
 1          90         29.45797735      1          1          1          0.50000000       -0.50000000      -2.17768833e-02  0.00000000e+00   0.00000000e+00  
 1          90         29.45797735      1          1          2          1.50000000       -0.50000000      2.17768833e-02   0.00000000e+00   0.00000000e+00  
 1          90         29.45797735      1          1          3          2.50000000       -0.50000000      0.00000000e+00   0.00000000e+00   0.00000000e+00  
 1          91         30.93087622      1          1          1          0.50000000       -0.50000000      -2.22991922e-02  0.00000000e+00   0.00000000e+00  
 1          91         30.93087622      1          1          2          1.50000000       -0.50000000      2.22991922e-02   0.00000000e+00   0.00000000e+00  
 1          91         30.93087622      1          1          3          2.50000000       -0.50000000      0.00000000e+00   0.00000000e+00   0.00000000e+00  
 1          92         32.47742003      1          1          1          0.50000000       -0.50000000      -2.28347750e-02  0.00000000e+00   0.00000000e+00  
 1          92         32.47742003      1          1          2          1.50000000       -0.50000000      2.28347750e-02   0.00000000e+00   0.00000000e+00  
 1          92         32.47742003      1          1          3          2.50000000       -0.50000000      0.00000000e+00   0.00000000e+00   0.00000000e+00  
 1          93         34.10129103      1          1          1          0.50000000       -0.50000000      -2.33839506e-02  0.00000000e+00   0.00000000e+00  
 1          93         34.10129103      1          1          2          1.50000000       -0.50000000      2.33839506e-02   0.00000000e+00   0.00000000e+00  
 1          93         34.10129103      1          1          3          2.50000000       -0.50000000      0.00000000e+00   0.00000000e+00   0.00000000e+00  
 1          94         35.80635558      1          1          1          0.50000000       -0.50000000      -2.39470454e-02  0.00000000e+00   0.00000000e+00  
 1          94         35.80635558      1          1          2          1.50000000       -0.50000000      2.39470454e-02   0.00000000e+00   0.00000000e+00  
 1          94         35.80635558      1          1          3          2.50000000       -0.50000000      0.00000000e+00   0.00000000e+00   0.00000000e+00  
 1          95         37.59667336      1          1          1          0.50000000       -0.50000000      -2.45243946e-02  0.00000000e+00   0.00000000e+00  
 1          95         37.59667336      1          1          2          1.50000000       -0.50000000      2.45243946e-02   0.00000000e+00   0.00000000e+00  
 1          95         37.59667336      1          1          3          2.50000000       -0.50000000      0.00000000e+00   0.00000000e+00   0.00000000e+00  
 1          96         39.47650703      1          1          1          0.50000000       -0.50000000      -2.51163416e-02  0.00000000e+00   0.00000000e+00  
 1          96         39.47650703      1          1          2          1.50000000       -0.50000000      2.51163416e-02   0.00000000e+00   0.00000000e+00  
 1          96         39.47650703      1          1          3          2.50000000       -0.50000000      0.00000000e+00   0.00000000e+00   0.00000000e+00  
 1          97         41.45033238      1          1          1          0.50000000       -0.50000000      -2.57232387e-02  0.00000000e+00   0.00000000e+00  
 1          97         41.45033238      1          1          2          1.50000000       -0.50000000      2.57232387e-02   0.00000000e+00   0.00000000e+00  
 1          97         41.45033238      1          1          3          2.50000000       -0.50000000      0.00000000e+00   0.00000000e+00   0.00000000e+00  
 1          98         43.52284900      1          1          1          0.50000000       -0.50000000      -2.63454469e-02  0.00000000e+00   0.00000000e+00  
 1          98         43.52284900      1          1          2          1.50000000       -0.50000000      2.63454469e-02   0.00000000e+00   0.00000000e+00  
 1          98         43.52284900      1          1          3          2.50000000       -0.50000000      0.00000000e+00   0.00000000e+00   0.00000000e+00  
 1          99         45.69899145      1          1          1          0.50000000       -0.50000000      -2.69833364e-02  0.00000000e+00   0.00000000e+00  
 1          99         45.69899145      1          1          2          1.50000000       -0.50000000      2.69833364e-02   0.00000000e+00   0.00000000e+00  
 1          99         45.69899145      1          1          3          2.50000000       -0.50000000      0.00000000e+00   0.00000000e+00   0.00000000e+00  
 1          100        47.98394102      1          1          1          0.50000000       -0.50000000      -2.76372868e-02  0.00000000e+00   0.00000000e+00  
 1          100        47.98394102      1          1          2          1.50000000       -0.50000000      2.76372868e-02   0.00000000e+00   0.00000000e+00  
 1          100        47.98394102      1          1          3          2.50000000       -0.50000000      0.00000000e+00   0.00000000e+00   0.00000000e+00  
